0 14 7 0 6 3 5 4 2 1
4 14 7 4 6 3 5 0 2 1
2 12 7 4 6 3 5 2 0 1
1 10 7 4 6 3 5 2 1 0
7 12 0 4 6 3 5 2 1 7
3 10 3 4 6 0 5 2 1 7
6 10 3 4 0 6 5 2 1 7
4 10 3 0 4 6 5 2 1 7
2 8 3 2 4 6 5 0 1 7
1 6 3 2 4 6 5 1 0 7
4 8 3 2 0 6 5 1 4 7
6 6 3 2 6 0 5 1 4 7
3 8 0 2 6 3 5 1 4 7
1 4 1 2 6 3 5 0 4 7
5 6 1 2 6 3 0 5 4 7
3 4 1 2 6 0 3 5 4 7
6 4 1 2 0 6 3 5 4 7
4 2 1 2 4 6 3 5 0 7
7 0 1 2 4 6 3 5 7 0
6 2 1 2 4 0 3 5 7 6
7 2 1 2 4 7 3 5 0 6
6 0 1 2 4 7 3 5 6 0
3 6 1 2 4 7 0 5 6 3
5 6 1 2 4 7 5 0 6 3
6 4 1 2 4 7 5 6 0 3
3 2 1 2 4 7 5 6 3 0
4 4 1 2 0 7 5 6 3 4
3 2 1 2 3 7 5 6 0 4
4 0 1 2 3 7 5 6 4 0
7 2 1 2 3 0 5 6 4 7
4 2 1 2 3 4 5 6 0 7
7 0 1 2 3 4 5 6 7 0
180 0.2429192066192627
