0 14 3 0 2 1 6 7 4 5
2 12 3 2 0 1 6 7 4 5
1 10 3 2 1 0 6 7 4 5
6 10 3 2 1 6 0 7 4 5
5 6 3 2 1 6 5 7 4 0
4 8 3 2 1 6 5 7 0 4
7 8 3 2 1 6 5 0 7 4
5 8 3 2 1 6 0 5 7 4
2 8 3 0 1 6 2 5 7 4
1 6 3 1 0 6 2 5 7 4
6 6 3 1 6 0 2 5 7 4
3 8 0 1 6 3 2 5 7 4
1 6 1 0 6 3 2 5 7 4
6 6 1 6 0 3 2 5 7 4
3 4 1 6 3 0 2 5 7 4
7 4 1 6 3 7 2 5 0 4
3 6 1 6 0 7 2 5 3 4
6 6 1 0 6 7 2 5 3 4
5 4 1 5 6 7 2 0 3 4
3 2 1 5 6 7 2 3 0 4
4 0 1 5 6 7 2 3 4 0
6 4 1 5 0 7 2 3 4 6
5 6 1 0 5 7 2 3 4 6
3 4 1 3 5 7 2 0 4 6
4 2 1 3 5 7 2 4 0 6
6 0 1 3 5 7 2 4 6 0
158 0.768049955368042
