0 12 7 2 0 6 5 4 1 3
6 10 7 2 6 0 5 4 1 3
7 10 0 2 6 7 5 4 1 3
3 6 3 2 6 7 5 4 1 0
6 8 3 2 0 7 5 4 1 6
1 6 3 2 1 7 5 4 0 6
6 4 3 2 1 7 5 4 6 0
5 8 3 2 1 7 0 4 6 5
2 8 3 0 1 7 2 4 6 5
1 6 3 1 0 7 2 4 6 5
6 6 3 1 6 7 2 4 0 5
5 4 3 1 6 7 2 4 5 0
6 6 3 1 0 7 2 4 5 6
5 4 3 1 5 7 2 4 0 6
6 2 3 1 5 7 2 4 6 0
3 8 0 1 5 7 2 4 6 3
1 6 1 0 5 7 2 4 6 3
5 6 1 5 0 7 2 4 6 3
6 4 1 5 6 7 2 4 0 3
3 2 1 5 6 7 2 4 3 0
6 6 1 5 0 7 2 4 3 6
3 4 1 5 3 7 2 4 0 6
4 4 1 5 3 7 2 0 4 6
2 6 1 5 3 7 0 2 4 6
5 6 1 0 3 7 5 2 4 6
2 4 1 2 3 7 5 0 4 6
4 4 1 2 3 7 5 4 0 6
6 2 1 2 3 7 5 4 6 0
5 6 1 2 3 7 0 4 6 5
2 6 1 0 3 7 2 4 6 5
3 4 1 3 0 7 2 4 6 5
6 4 1 3 6 7 2 4 0 5
5 2 1 3 6 7 2 4 5 0
6 4 1 3 0 7 2 4 5 6
5 2 1 3 5 7 2 4 0 6
6 0 1 3 5 7 2 4 6 0
190 1.485408067703247
