0 12 5 7 1 0 4 3 6 2
4 12 5 7 1 4 0 3 6 2
2 6 5 7 1 4 2 3 6 0
6 8 5 7 1 4 2 3 0 6
3 10 5 7 1 4 2 0 3 6
7 10 5 0 1 4 2 7 3 6
1 8 5 1 0 4 2 7 3 6
3 6 5 1 3 4 2 7 0 6
7 6 5 1 3 4 2 0 7 6
1 8 5 0 3 4 2 1 7 6
5 8 0 5 3 4 2 1 7 6
1 4 1 5 3 4 2 0 7 6
2 6 1 5 3 4 0 2 7 6
5 6 1 0 3 4 5 2 7 6
2 4 1 2 3 4 5 0 7 6
5 6 1 2 3 4 0 5 7 6
4 4 1 2 3 0 4 5 7 6
7 4 1 2 3 7 4 5 0 6
6 2 1 2 3 7 4 5 6 0
4 6 1 2 3 7 0 5 6 4
5 4 1 2 3 7 5 0 6 4
6 2 1 2 3 7 5 6 0 4
4 0 1 2 3 7 5 6 4 0
7 2 1 2 3 0 5 6 4 7
4 2 1 2 3 4 5 6 0 7
7 0 1 2 3 4 5 6 7 0
146 0.5395331382751465
