0 14 3 6 7 2 0 5 1 4
2 10 3 6 7 0 2 5 1 4
7 10 3 6 0 7 2 5 1 4
6 10 3 0 6 7 2 5 1 4
5 8 3 5 6 7 2 0 1 4
1 6 3 5 6 7 2 1 0 4
4 4 3 5 6 7 2 1 4 0
3 8 0 5 6 7 2 1 4 3
1 4 1 5 6 7 2 0 4 3
2 6 1 5 6 7 0 2 4 3
5 6 1 0 6 7 5 2 4 3
2 4 1 2 6 7 5 0 4 3
5 6 1 2 6 7 0 5 4 3
3 2 1 2 6 7 3 5 4 0
6 4 1 2 0 7 3 5 4 6
4 2 1 2 4 7 3 5 0 6
6 0 1 2 4 7 3 5 6 0
3 6 1 2 4 7 0 5 6 3
5 6 1 2 4 7 5 0 6 3
6 4 1 2 4 7 5 6 0 3
3 2 1 2 4 7 5 6 3 0
4 4 1 2 0 7 5 6 3 4
3 2 1 2 3 7 5 6 0 4
4 0 1 2 3 7 5 6 4 0
7 2 1 2 3 0 5 6 4 7
4 2 1 2 3 4 5 6 0 7
7 0 1 2 3 4 5 6 7 0
132 0.9877080917358398
