0 0 8 7 5 4 2 1 6 3 0
0 0 10 7 5 4 0 1 6 3 2
0 0 10 7 5 4 2 1 6 0 3
0 0 10 7 5 0 2 1 6 3 4
0 0 8 7 5 2 0 1 6 3 4
0 0 6 7 5 2 4 1 6 3 0
0 0 8 7 5 3 2 1 6 0 4
0 0 6 7 5 3 2 1 6 4 0
0 0 8 0 5 2 7 1 6 3 4
0 0 6 1 5 2 7 0 6 3 4
0 0 4 1 5 2 7 4 6 3 0
0 0 6 4 5 2 7 1 6 3 0
0 0 6 1 5 2 7 6 0 3 4
0 0 4 1 5 2 7 6 3 0 4
0 0 2 1 5 2 7 6 3 4 0
0 0 4 1 5 2 0 6 3 4 7
0 0 4 1 5 2 4 6 3 0 7
0 0 2 1 5 2 4 6 3 7 0
0 0 4 1 5 2 0 6 3 7 4
0 0 6 1 0 2 7 5 6 3 4
0 0 4 1 2 0 7 5 6 3 4
0 0 2 1 2 3 7 5 6 0 4
0 0 0 1 2 3 7 5 6 4 0
0 0 2 1 2 3 0 5 6 4 7
0 0 2 1 2 3 4 5 6 0 7
0 0 0 1 2 3 4 5 6 7 0
