0 10 3 5 6 1 7 2 0 4
4 8 3 5 6 1 7 2 4 0
7 10 3 5 6 1 0 2 4 7
1 6 3 5 6 0 1 2 4 7
3 8 0 5 6 3 1 2 4 7
1 6 1 5 6 3 0 2 4 7
5 6 1 0 6 3 5 2 4 7
2 4 1 2 6 3 5 0 4 7
5 6 1 2 6 3 0 5 4 7
3 4 1 2 6 0 3 5 4 7
6 4 1 2 0 6 3 5 4 7
4 2 1 2 4 6 3 5 0 7
7 0 1 2 4 6 3 5 7 0
6 2 1 2 4 0 3 5 7 6
7 2 1 2 4 7 3 5 0 6
6 0 1 2 4 7 3 5 6 0
3 6 1 2 4 7 0 5 6 3
5 6 1 2 4 7 5 0 6 3
6 4 1 2 4 7 5 6 0 3
3 2 1 2 4 7 5 6 3 0
4 4 1 2 0 7 5 6 3 4
3 2 1 2 3 7 5 6 0 4
4 0 1 2 3 7 5 6 4 0
7 2 1 2 3 0 5 6 4 7
4 2 1 2 3 4 5 6 0 7
7 0 1 2 3 4 5 6 7 0
106 0.7708742618560791
