4 0 4 1 5 2 4 3 7 6 0
7 1 6 1 5 2 0 3 7 6 4
7 1 6 1 5 2 4 3 7 0 6
8 2 6 1 5 2 4 3 0 7 6
9 3 6 1 5 2 4 0 3 7 6
7 5 2 1 5 2 4 6 3 7 0
9 3 6 1 0 2 4 3 5 7 6
8 4 4 1 2 0 4 3 5 7 6
7 5 2 1 2 4 0 3 5 7 6
6 6 0 1 2 4 6 3 5 7 0
9 5 4 1 2 7 4 3 5 0 6
8 6 2 1 2 7 4 3 5 6 0
9 7 2 1 2 4 6 3 5 0 7
10 2 8 1 5 2 4 0 7 6 3
10 2 8 1 5 0 2 3 7 6 4
9 3 6 1 5 6 2 3 7 0 4
8 4 4 1 5 6 2 3 7 4 0
10 4 6 1 5 2 6 3 7 0 4
9 5 4 1 5 2 6 3 7 4 0
10 2 8 1 5 0 4 3 7 2 6
9 3 6 1 5 4 0 3 7 2 6
8 4 4 1 5 4 6 3 7 2 0
10 6 4 1 5 2 0 6 3 7 4
10 6 4 1 5 2 4 6 3 0 7
10 8 2 1 2 4 7 3 5 0 6
9 9 0 1 2 4 7 3 5 6 0
10 4 6 1 5 6 2 3 0 7 4
11 3 8 1 5 0 4 3 7 6 2
10 4 6 1 5 4 0 3 7 6 2
9 5 4 1 5 4 2 3 7 6 0
10 4 6 1 5 6 4 3 7 0 2
9 5 4 1 5 6 4 3 7 2 0
11 7 4 1 2 7 0 3 5 6 4
11 3 8 1 5 2 4 7 0 6 3
10 4 6 1 5 2 4 7 6 0 3
9 5 4 1 5 2 4 7 6 3 0
11 3 8 1 0 5 2 3 7 6 4
11 5 6 1 5 6 0 3 7 4 2
11 5 6 1 5 2 6 3 0 7 4
11 3 8 1 0 5 4 3 7 2 6
11 5 6 1 5 4 6 3 7 0 2
11 5 6 1 5 6 2 0 3 7 4
10 8 2 1 5 6 0 2 3 7 4
9 9 0 1 5 6 4 2 3 7 0
11 5 6 1 5 6 4 3 0 7 2
11 7 4 1 5 6 2 4 3 7 0
12 4 8 1 5 2 3 0 7 6 4
12 4 8 0 5 2 4 1 3 7 6
11 7 4 6 5 2 4 1 3 7 0
12 6 6 1 5 2 0 4 3 7 6
11 7 4 1 5 2 6 4 3 7 0
12 6 6 1 0 2 4 5 3 7 6
11 7 4 1 2 0 4 5 3 7 6
12 4 8 0 1 2 4 3 5 7 6
12 6 6 1 2 7 4 3 0 5 6
12 8 4 1 2 0 6 3 5 4 7
12 8 4 1 2 4 6 3 0 5 7
12 6 6 1 5 2 0 3 7 4 6
12 6 6 1 5 4 2 3 7 0 6
12 10 2 1 2 4 0 3 5 6 7
12 4 8 1 0 5 4 3 7 6 2
12 6 6 1 5 6 0 3 7 2 4
12 8 4 1 2 0 7 3 5 6 4
12 6 6 1 5 2 0 7 6 3 4
12 4 8 1 7 5 2 3 0 6 4
12 6 6 1 5 2 6 0 3 7 4
12 6 6 1 0 2 6 3 5 7 4
11 7 4 1 2 0 6 3 5 7 4
12 4 8 1 7 5 4 3 0 2 6
11 5 6 1 7 5 4 3 2 0 6
10 6 4 1 7 5 4 3 2 6 0
12 6 6 1 5 4 6 3 0 7 2
12 10 2 1 5 6 4 2 3 0 7
12 6 6 1 5 6 4 0 3 7 2
12 6 6 1 5 2 3 4 7 6 0
12 8 4 1 2 4 0 5 3 7 6
11 9 2 1 2 4 6 5 3 7 0
12 8 4 1 2 7 4 5 3 0 6
11 9 2 1 2 7 4 5 3 6 0
12 6 6 4 1 2 0 3 5 7 6
11 7 4 4 1 2 6 3 5 7 0
12 8 4 1 2 7 6 3 5 0 4
11 9 2 1 2 7 6 3 5 4 0
12 8 4 1 2 6 0 3 5 7 4
11 9 2 1 2 6 4 3 5 7 0
13 9 4 1 2 0 4 3 5 6 7
13 3 10 0 5 2 4 1 7 6 3
12 6 6 3 5 2 4 1 7 6 0
13 5 8 1 5 2 0 4 7 6 3
13 5 8 1 0 2 4 5 7 6 3
12 6 6 1 2 0 4 5 7 6 3
11 7 4 1 2 6 4 5 7 0 3
10 8 2 1 2 6 4 5 7 3 0
12 8 4 1 2 6 4 5 0 7 3
13 5 8 1 5 0 6 3 7 2 4
13 7 6 1 5 0 2 6 3 7 4
13 9 4 1 5 2 7 6 3 0 4
12 10 2 1 5 2 7 6 3 4 0
13 7 6 1 5 0 4 6 3 2 7
13 7 6 1 5 2 4 6 0 3 7
13 9 4 1 2 0 7 3 5 4 6
13 9 4 1 2 4 7 3 0 5 6
13 5 8 1 0 6 2 3 5 7 4
13 5 8 1 5 0 4 7 6 2 3
13 7 6 1 5 2 4 0 6 3 7
13 9 4 1 5 0 6 2 3 7 4
13 11 2 1 5 6 7 2 3 0 4
12 12 0 1 5 6 7 2 3 4 0
13 5 8 1 5 2 3 7 0 6 4
12 6 6 1 5 2 3 7 6 0 4
11 7 4 1 5 2 3 7 6 4 0
13 5 8 5 0 2 4 1 3 7 6
12 6 6 5 2 0 4 1 3 7 6
13 7 6 1 3 2 4 5 0 7 6
13 5 8 3 1 2 4 0 5 7 6
13 7 6 6 1 2 4 3 5 7 0
13 9 4 1 2 6 0 3 5 4 7
12 10 2 1 2 6 7 3 5 4 0
13 7 6 1 5 4 2 3 0 7 6
13 5 8 1 7 5 4 3 0 6 2
13 9 4 1 2 6 7 3 5 0 4
13 5 8 1 7 5 2 3 6 0 4
12 6 6 1 7 5 2 3 6 4 0
13 7 6 1 7 5 0 3 2 6 4
13 7 6 1 0 4 6 3 5 7 2
13 7 6 1 2 4 0 5 7 6 3
12 8 4 1 2 4 3 5 7 6 0
13 9 4 1 2 6 0 5 7 3 4
13 7 6 5 2 4 0 1 3 7 6
12 8 4 5 2 4 6 1 3 7 0
13 7 6 5 2 7 4 1 3 0 6
12 8 4 5 2 7 4 1 3 6 0
13 7 6 3 1 2 4 6 5 7 0
14 8 6 1 5 0 4 6 3 7 2
14 8 6 1 2 4 3 0 5 7 6
14 8 6 1 2 4 6 0 5 7 3
14 6 8 1 5 6 2 0 7 4 3
13 9 4 1 5 6 0 2 7 4 3
12 10 2 1 5 6 3 2 7 4 0
14 4 10 1 0 2 4 7 5 6 3
13 5 8 1 2 0 4 7 5 6 3
12 6 6 1 2 4 0 7 5 6 3
11 7 4 1 2 4 3 7 5 6 0
12 6 6 1 2 6 4 7 5 0 3
11 7 4 1 2 6 4 7 5 3 0
14 4 10 0 1 5 2 3 7 6 4
12 6 6 2 1 5 0 3 7 6 4
11 7 4 2 1 5 4 3 7 6 0
13 7 6 4 1 5 2 3 7 6 0
14 6 8 1 5 0 6 3 7 4 2
14 4 10 0 1 5 4 3 7 2 6
14 6 8 0 5 6 2 1 3 7 4
12 8 4 2 5 6 0 1 3 7 4
11 9 2 2 5 6 4 1 3 7 0
14 8 6 1 0 6 2 5 3 7 4
14 6 8 1 0 6 4 3 5 7 2
14 8 6 1 5 6 0 4 3 7 2
14 8 6 1 5 6 2 4 3 0 7
14 6 8 4 5 2 0 1 3 7 6
13 7 6 4 5 2 6 1 3 7 0
14 8 6 6 5 2 0 1 3 7 4
14 8 6 6 5 2 4 1 3 0 7
14 8 6 1 5 2 6 4 3 0 7
14 6 8 1 7 0 4 3 2 5 6
13 7 6 1 7 4 0 3 2 5 6
12 8 4 1 7 4 6 3 2 5 0
14 10 4 1 2 4 6 5 3 0 7
14 10 4 1 2 7 0 5 3 6 4
14 8 6 4 1 2 6 3 5 0 7
14 10 4 1 2 7 0 3 5 4 6
14 10 4 1 2 6 4 3 5 0 7
14 4 10 5 0 2 4 1 7 6 3
13 5 8 5 2 0 4 1 7 6 3
12 6 6 5 2 6 4 1 7 0 3
11 7 4 5 2 6 4 1 7 3 0
13 7 6 5 2 6 4 1 0 7 3
14 6 8 1 7 2 4 5 0 6 3
13 7 6 1 7 2 4 5 6 0 3
12 8 4 1 7 2 4 5 6 3 0
14 6 8 1 0 5 6 3 7 2 4
14 8 6 1 5 7 2 6 3 0 4
13 9 4 1 5 7 2 6 3 4 0
14 8 6 1 5 4 0 6 3 2 7
13 9 4 1 5 4 7 6 3 2 0
14 6 8 1 6 0 2 3 5 7 4
13 7 6 1 6 2 0 3 5 7 4
12 8 4 1 6 2 4 3 5 7 0
14 6 8 1 5 4 0 7 6 2 3
13 7 6 1 5 4 3 7 6 2 0
14 10 4 1 5 7 6 2 3 0 4
13 11 2 1 5 7 6 2 3 4 0
14 8 6 1 5 2 0 7 6 4 3
14 6 8 5 3 2 4 1 0 7 6
14 8 6 1 3 2 4 0 5 7 6
14 8 6 1 3 2 4 5 7 0 6
13 9 4 1 3 2 4 5 7 6 0
14 6 8 3 1 2 4 5 0 7 6
14 8 6 3 1 2 0 4 5 7 6
13 9 4 3 1 2 6 4 5 7 0
14 8 6 1 0 4 2 3 5 7 6
14 6 8 1 7 5 4 3 6 0 2
13 7 6 1 7 5 4 3 6 2 0
14 8 6 1 4 0 6 3 5 7 2
14 10 4 1 2 4 3 6 5 7 0
14 8 6 1 2 4 3 7 5 0 6
14 8 6 1 2 6 0 7 5 3 4
14 8 6 2 1 5 4 3 7 0 6
14 6 8 4 1 5 0 3 7 2 6
13 7 6 4 1 5 6 3 7 2 0
14 10 4 2 5 6 4 1 3 0 7
14 6 8 5 2 4 0 1 7 6 3
13 7 6 5 2 4 3 1 7 6 0
14 8 6 5 2 6 0 1 7 3 4
14 10 4 1 3 2 4 6 5 7 0
15 3 12 0 5 2 4 3 7 6 1
15 3 12 0 5 2 1 3 7 6 4
14 6 8 4 5 2 1 3 7 6 0
15 7 8 0 2 4 1 3 5 7 6
15 7 8 1 5 0 2 3 7 4 6
15 7 8 1 5 2 6 0 7 4 3
15 7 8 1 5 6 4 0 7 2 3
15 5 10 0 5 2 3 1 7 6 4
15 7 8 1 0 2 3 5 7 6 4
14 8 6 1 2 0 3 5 7 6 4
13 9 4 1 2 6 3 5 7 0 4
12 10 2 1 2 6 3 5 7 4 0
13 9 4 1 2 3 0 5 7 6 4
12 10 2 1 2 3 4 5 7 6 0
14 10 4 1 2 6 3 5 0 7 4
15 7 8 3 5 2 4 1 0 7 6
15 7 8 1 5 0 2 4 3 7 6
15 9 6 1 5 2 7 4 3 0 6
14 10 4 1 5 2 7 4 3 6 0
15 7 8 0 1 2 4 5 3 7 6
14 10 4 6 1 2 4 5 3 7 0
15 7 8 5 1 2 4 3 0 7 6
15 7 8 1 0 7 4 3 2 5 6
15 7 8 1 2 7 4 0 3 5 6
13 9 4 1 2 7 4 6 3 5 0
15 9 6 1 0 2 6 3 5 4 7
15 9 6 1 0 4 6 3 2 5 7
15 9 6 1 2 4 6 0 3 5 7
15 5 10 0 1 5 4 3 7 6 2
15 9 6 1 0 2 7 3 5 6 4
15 7 8 1 5 0 2 7 6 3 4
14 8 6 1 5 3 2 7 6 0 4
13 9 4 1 5 3 2 7 6 4 0
15 9 6 1 5 2 7 0 6 3 4
15 5 10 1 7 5 2 0 3 6 4
13 7 6 1 7 5 2 4 3 6 0
14 8 6 1 7 5 0 2 3 6 4
13 9 4 1 7 5 4 2 3 6 0
15 7 8 0 5 2 6 1 3 7 4
15 9 6 1 0 2 6 5 3 7 4
14 10 4 1 2 0 6 5 3 7 4
13 11 2 1 2 6 0 5 3 7 4
12 12 0 1 2 6 4 5 3 7 0
15 7 8 0 1 2 6 3 5 7 4
15 5 10 1 7 5 4 0 3 2 6
13 7 6 1 7 5 4 6 3 2 0
15 7 8 1 5 4 6 0 3 7 2
11 9 2 1 5 4 6 2 3 7 0
14 10 4 1 5 4 0 2 3 7 6
14 10 4 1 5 4 6 2 3 0 7
15 11 4 1 5 6 4 2 0 3 7
15 11 4 1 5 0 4 2 3 6 7
15 7 8 0 5 6 4 1 3 7 2
15 9 6 1 0 6 4 5 3 7 2
15 7 8 1 5 2 3 4 7 0 6
15 11 4 1 2 4 7 5 3 0 6
14 12 2 1 2 4 7 5 3 6 0
15 9 6 1 2 7 4 5 0 3 6
15 7 8 4 1 0 2 3 5 7 6
15 9 6 4 1 2 7 3 5 0 6
14 10 4 4 1 2 7 3 5 6 0
15 9 6 1 2 7 6 3 0 5 4
15 5 10 4 5 2 0 1 7 6 3
14 6 8 4 5 2 3 1 7 6 0
15 7 8 3 5 2 0 1 7 6 4
15 7 8 3 5 2 4 1 7 0 6
15 9 6 1 2 6 4 0 5 7 3
15 9 6 1 0 6 4 5 2 7 3
15 11 4 1 5 2 0 6 3 4 7
15 13 2 1 5 6 0 2 3 4 7
15 7 8 1 5 0 3 7 6 2 4
14 8 6 1 5 3 0 7 6 2 4
13 9 4 1 5 3 4 7 6 2 0
15 9 6 1 5 2 3 0 6 4 7
15 7 8 1 7 5 0 3 6 4 2
15 9 6 1 2 4 3 5 7 0 6
15 9 6 5 2 4 6 1 3 0 7
15 9 6 5 2 7 0 1 3 6 4
15 9 6 1 5 4 0 6 3 7 2
14 10 4 1 5 4 2 6 3 7 0
15 9 6 1 5 7 4 6 3 0 2
14 10 4 1 5 7 4 6 3 2 0
15 9 6 1 2 4 3 5 0 7 6
15 9 6 1 2 4 6 5 0 7 3
15 7 8 1 5 6 2 7 0 4 3
15 11 4 1 5 6 3 2 7 0 4
15 9 6 1 2 4 7 0 5 6 3
15 9 6 1 2 4 6 7 5 0 3
14 10 4 1 2 4 6 7 5 3 0
15 9 6 1 2 4 3 0 5 6 7
15 7 8 1 2 6 4 7 0 5 3
15 9 6 1 2 6 4 0 5 3 7
14 10 4 1 2 6 4 5 0 3 7
13 11 2 1 2 6 4 5 3 0 7
15 5 10 3 1 5 2 0 7 6 4
13 7 6 3 1 5 2 4 7 6 0
14 8 6 3 1 5 0 2 7 6 4
13 9 4 3 1 5 4 2 7 6 0
15 7 8 2 1 0 5 3 7 6 4
15 9 6 2 1 5 6 3 7 0 4
14 10 4 2 1 5 6 3 7 4 0
15 7 8 1 0 5 6 3 7 4 2
15 5 10 3 1 5 4 0 7 2 6
15 7 8 6 1 5 4 3 7 2 0
15 7 8 5 0 6 2 1 3 7 4
15 9 6 4 5 6 2 1 3 7 0
15 9 6 2 5 0 6 1 3 7 4
15 11 4 2 5 6 7 1 3 0 4
14 12 2 2 5 6 7 1 3 4 0
15 9 6 1 3 6 2 5 0 7 4
15 9 6 1 6 0 2 5 3 7 4
14 10 4 1 6 2 0 5 3 7 4
13 11 2 1 6 2 4 5 3 7 0
15 7 8 1 6 0 4 3 5 7 2
14 8 6 1 6 4 0 3 5 7 2
13 9 4 1 6 4 2 3 5 7 0
15 9 6 1 7 4 6 3 2 0 5
15 11 4 1 2 0 6 5 3 4 7
14 12 2 1 2 6 0 5 3 4 7
13 13 0 1 2 6 7 5 3 4 0
15 11 4 1 2 0 7 5 3 6 4
14 12 2 1 2 6 7 5 3 0 4
15 5 10 5 7 2 4 1 0 6 3
14 6 8 5 7 2 4 1 6 0 3
13 7 6 5 7 2 4 1 6 3 0
15 9 6 1 7 2 0 5 6 3 4
15 7 8 1 7 5 6 3 0 2 4
14 8 6 1 7 5 6 3 2 0 4
13 9 4 1 7 5 6 3 2 4 0
15 7 8 1 6 7 2 3 5 0 4
14 8 6 1 6 7 2 3 5 4 0
15 9 6 1 6 2 4 3 5 0 7
15 7 8 5 3 2 4 1 7 0 6
14 8 6 5 3 2 4 1 7 6 0
15 11 4 1 3 2 0 4 5 7 6
14 12 2 1 3 2 6 4 5 7 0
15 7 8 3 1 2 4 5 7 0 6
14 8 6 3 1 2 4 5 7 6 0
15 9 6 1 4 0 2 3 5 7 6
14 10 4 1 4 2 0 3 5 7 6
13 11 2 1 4 2 6 3 5 7 0
15 9 6 1 4 6 0 3 5 7 2
14 10 4 1 4 6 2 3 5 7 0
15 9 6 1 4 7 6 3 5 0 2
14 10 4 1 4 7 6 3 5 2 0
15 9 6 2 1 5 4 3 0 7 6
15 5 10 4 5 2 0 3 7 6 1
15 11 4 1 2 6 0 5 7 4 3
15 11 4 1 2 3 4 5 7 0 6
15 11 4 1 2 4 6 7 3 5 0
15 7 8 4 1 5 0 3 7 6 2
15 11 4 1 5 2 7 4 6 3 0
15 11 4 1 2 7 6 5 3 0 4
14 12 2 1 2 7 6 5 3 4 0
15 11 4 1 5 0 4 2 3 7 6
15 11 4 1 5 0 6 2 3 4 7
15 7 8 3 1 5 4 6 7 2 0
16 8 8 1 2 7 4 0 5 6 3
15 9 6 1 2 7 4 5 0 6 3
14 10 4 1 2 7 4 5 6 0 3
13 11 2 1 2 7 4 5 6 3 0
15 11 4 1 2 0 4 5 6 7 3
16 6 10 1 5 4 3 0 7 2 6
14 8 6 1 5 4 3 6 7 2 0
16 6 10 1 5 4 6 0 7 2 3
16 8 8 1 5 0 4 7 6 3 2
15 9 6 1 5 3 4 7 6 0 2
16 8 8 1 5 6 3 0 7 4 2
16 12 4 1 2 0 4 5 3 6 7
16 10 6 1 0 2 4 3 5 6 7
16 6 10 7 5 2 4 1 0 6 3
15 7 8 7 5 2 4 1 6 0 3
14 8 6 7 5 2 4 1 6 3 0
16 6 10 1 5 0 2 4 7 6 3
15 7 8 1 5 6 2 4 7 0 3
14 8 6 1 5 6 2 4 7 3 0
16 8 8 1 5 2 6 4 7 0 3
15 9 6 1 5 2 6 4 7 3 0
16 6 10 0 1 2 4 5 7 6 3
16 8 8 1 0 5 2 6 3 7 4
16 10 6 1 5 0 7 6 3 2 4
16 10 6 1 5 2 7 6 0 3 4
16 8 8 1 0 5 4 6 3 2 7
16 8 8 1 0 2 4 6 5 3 7
15 9 6 1 2 0 4 6 5 3 7
14 10 4 1 2 3 4 6 5 0 7
13 11 2 1 2 3 4 6 5 7 0
16 10 6 1 0 2 7 3 5 4 6
16 10 6 1 0 4 7 3 2 5 6
16 10 6 1 2 4 7 0 3 5 6
16 6 10 0 1 6 2 3 5 7 4
14 8 6 2 1 6 0 3 5 7 4
13 9 4 2 1 6 4 3 5 7 0
15 9 6 4 1 6 2 3 5 7 0
15 9 6 2 1 0 6 3 5 7 4
16 6 10 1 0 5 4 7 6 2 3
16 8 8 0 5 2 4 1 6 3 7
16 10 6 1 5 2 0 4 6 3 7
16 10 6 1 0 2 4 5 6 3 7
15 11 4 1 2 0 4 5 6 3 7
14 12 2 1 2 3 4 5 6 0 7
13 13 0 1 2 3 4 5 6 7 0
