6 0 6 1 2 4 6 7 0 3 5
7 1 6 1 2 4 6 7 3 0 5
7 1 6 1 2 4 6 0 7 3 5
7 2 5 1 2 4 6 7 3 5 0
7 3 4 1 2 4 6 5 7 3 0
8 1 7 1 0 4 6 7 2 3 5
8 2 6 1 2 0 6 7 3 4 5
9 2 7 0 2 4 6 1 7 3 5
9 3 6 1 2 4 0 7 3 5 6
9 4 5 1 2 4 6 5 7 0 3
9 4 5 1 2 4 0 5 7 3 6
9 2 7 1 4 0 6 7 2 3 5
9 3 6 1 2 6 0 7 3 4 5
9 4 5 1 2 0 4 7 3 5 6
9 5 4 1 2 4 6 5 0 7 3
9 5 4 1 2 0 4 5 7 3 6
9 3 6 1 4 3 6 7 2 0 5
9 4 5 1 2 6 5 7 3 4 0
9 6 3 1 2 3 4 5 7 0 6
9 4 5 1 4 3 6 7 2 5 0
9 7 2 1 2 3 4 5 7 6 0
9 7 2 1 2 3 4 5 0 7 6
10 4 6 1 0 4 6 2 7 3 5
10 4 6 1 2 4 0 6 7 3 5
10 4 6 1 2 4 6 0 3 5 7
10 2 8 0 1 4 6 7 2 3 5
10 3 7 1 0 2 6 7 3 4 5
10 5 5 1 2 0 6 5 7 4 3
10 3 7 1 4 6 0 7 2 3 5
10 5 5 1 2 5 4 7 3 0 6
10 4 6 1 4 3 6 7 0 2 5
10 5 5 1 2 0 4 6 7 3 5
10 5 5 1 2 4 5 6 7 3 0
10 4 6 1 3 2 6 7 0 4 5
10 4 6 1 4 6 5 7 2 3 0
10 6 4 1 2 5 4 7 3 6 0
10 6 4 1 2 3 4 6 7 0 5
10 5 5 1 3 2 6 7 4 0 5
10 7 3 1 2 3 4 6 7 5 0
10 7 3 1 2 3 4 6 0 7 5
10 6 4 1 3 2 6 7 4 5 0
10 8 2 1 2 3 4 0 6 7 5
10 10 0 1 2 3 4 5 6 7 0
