14 0 14 6 3 7 5 4 0 2 1
13 1 12 6 3 7 5 4 2 0 1
12 2 10 6 3 7 5 4 2 1 0
14 2 12 6 3 0 5 4 2 7 1
13 3 10 6 3 5 0 4 2 7 1
12 4 8 6 3 5 1 4 2 7 0
15 1 14 6 3 7 5 0 4 2 1
11 3 8 6 3 7 5 1 4 2 0
14 4 10 6 3 7 5 1 4 0 2
14 4 10 6 3 7 0 1 4 2 5
15 3 12 6 3 7 0 4 2 1 5
15 5 10 0 3 5 6 4 2 7 1
10 8 2 1 3 5 6 4 2 7 0
13 9 4 1 3 5 0 4 2 7 6
13 9 4 1 3 5 6 4 2 0 7
15 5 10 6 3 5 1 4 2 0 7
15 5 10 6 3 0 5 1 4 7 2
14 6 8 6 3 5 0 1 4 7 2
13 7 6 6 3 5 2 1 4 7 0
15 5 10 6 3 0 7 1 4 2 5
14 6 8 6 3 2 7 1 4 0 5
13 7 6 6 3 2 7 1 4 5 0
16 6 10 6 3 5 7 4 2 0 1
15 7 8 6 3 5 7 4 2 1 0
16 2 14 0 3 7 5 6 4 2 1
11 5 6 1 3 7 5 6 4 2 0
14 6 8 1 3 7 5 6 4 0 2
14 6 8 1 3 7 0 6 4 2 5
15 7 8 1 3 7 5 0 4 2 6
15 7 8 1 3 0 5 6 4 7 2
14 8 6 1 3 5 0 6 4 7 2
13 9 4 1 3 5 2 6 4 7 0
15 7 8 1 3 0 7 6 4 2 5
14 8 6 1 3 2 7 6 4 0 5
13 9 4 1 3 2 7 6 4 5 0
16 4 12 6 3 7 0 5 4 2 1
15 5 10 6 3 7 1 5 4 2 0
16 6 10 0 3 7 5 1 4 2 6
16 6 10 6 3 0 5 1 4 2 7
15 7 8 6 3 2 5 1 4 0 7
14 8 6 6 3 2 5 1 4 7 0
15 7 8 6 3 5 0 1 4 2 7
14 8 6 6 3 5 7 1 4 2 0
16 6 10 0 3 7 6 1 4 2 5
15 7 8 1 3 7 6 0 4 2 5
13 9 4 1 3 7 6 5 4 2 0
15 9 6 5 3 7 6 1 4 2 0
16 4 12 6 3 0 7 4 2 1 5
15 5 10 6 3 1 7 4 2 0 5
14 6 8 6 3 1 7 4 2 5 0
16 6 10 3 0 5 6 4 2 7 1
15 7 8 3 2 5 6 4 0 7 1
16 6 10 4 3 5 6 0 2 7 1
12 8 4 4 3 5 6 1 2 7 0
15 7 8 4 3 5 6 2 0 7 1
15 9 6 4 3 5 0 1 2 7 6
15 9 6 4 3 5 6 1 2 0 7
16 8 8 2 3 5 6 4 0 7 1
16 10 6 1 3 5 6 0 2 7 4
15 11 4 1 3 5 6 2 0 7 4
16 10 6 1 3 0 5 4 2 7 6
16 12 4 1 3 5 7 4 2 0 6
15 13 2 1 3 5 7 4 2 6 0
16 10 6 1 3 5 6 4 0 2 7
16 10 6 1 3 0 6 4 2 5 7
16 8 8 0 3 5 6 1 4 7 2
13 11 2 2 3 5 6 1 4 7 0
15 9 6 1 3 5 6 0 4 7 2
11 11 0 1 3 5 6 2 4 7 0
14 12 2 1 3 5 0 2 4 7 6
14 12 2 1 3 5 6 2 4 0 7
16 8 8 6 3 5 2 1 4 0 7
16 8 8 6 3 2 0 1 4 5 7
16 4 12 5 3 7 0 6 4 2 1
15 5 10 5 3 7 1 6 4 2 0
16 8 8 1 3 0 5 6 4 2 7
15 9 6 1 3 2 5 6 4 0 7
14 10 4 1 3 2 5 6 4 7 0
15 9 6 1 3 5 0 6 4 2 7
14 10 4 1 3 5 7 6 4 2 0
16 8 8 1 3 7 5 4 0 2 6
15 9 6 1 3 7 5 4 2 0 6
14 10 4 1 3 7 5 4 2 6 0
16 10 6 1 3 7 0 5 4 2 6
16 10 6 1 3 5 2 6 4 0 7
16 10 6 1 3 2 0 6 4 5 7
16 8 8 5 3 7 0 1 4 2 6
16 8 8 1 3 7 6 4 0 2 5
15 9 6 1 3 7 6 4 2 0 5
14 10 4 1 3 7 6 4 2 5 0
16 10 6 1 3 7 6 5 4 0 2
16 8 8 3 2 5 6 0 4 7 1
12 10 2 3 2 5 6 1 4 7 0
15 11 4 3 2 5 0 1 4 7 6
15 11 4 3 2 5 6 1 4 0 7
16 8 8 3 2 5 6 4 7 0 1
15 9 6 3 2 5 6 4 7 1 0
16 8 8 4 3 5 6 2 7 0 1
15 9 6 4 3 5 6 2 7 1 0
16 12 4 1 3 5 6 2 7 0 4
15 13 2 1 3 5 6 2 7 4 0
16 12 4 2 3 5 0 1 4 7 6
16 12 4 2 3 5 6 1 4 0 7
16 10 6 1 3 5 6 4 0 7 2
16 10 6 1 3 0 6 4 2 7 5
17 1 16 6 0 7 5 4 3 2 1
17 5 12 0 3 7 5 4 2 1 6
17 5 12 6 3 0 5 4 2 1 7
16 6 10 6 3 5 0 4 2 1 7
16 6 10 6 3 1 5 4 2 0 7
15 7 8 6 3 1 5 4 2 7 0
17 3 14 6 0 3 5 4 2 7 1
16 4 12 6 2 3 5 4 0 7 1
17 7 10 0 3 5 1 4 2 7 6
17 5 12 6 3 7 5 1 0 4 2
17 7 10 6 3 7 2 1 4 0 5
16 8 8 6 3 7 2 1 4 5 0
17 5 12 0 3 7 6 4 2 1 5
16 8 8 5 3 7 6 4 2 1 0
17 9 8 6 3 5 7 1 4 0 2
17 7 10 6 3 2 7 1 0 4 5
17 3 14 3 0 7 5 6 4 2 1
17 7 10 1 3 7 5 6 0 4 2
17 9 8 1 3 7 2 6 4 0 5
16 10 6 1 3 7 2 6 4 5 0
17 11 6 1 3 5 7 6 4 0 2
17 11 6 1 3 5 2 0 4 7 6
17 9 8 1 3 2 7 6 0 4 5
17 11 6 1 3 2 7 0 4 5 6
17 5 12 6 3 0 7 5 4 2 1
16 6 10 6 3 2 7 5 4 0 1
15 7 8 6 3 2 7 5 4 1 0
17 7 10 3 0 7 5 1 4 2 6
17 9 8 6 3 2 0 1 4 7 5
17 9 8 0 3 5 6 1 4 2 7
16 10 6 1 3 5 6 0 4 2 7
16 12 4 1 3 5 6 7 4 2 0
17 7 10 3 0 7 6 1 4 2 5
17 7 10 6 3 1 0 4 2 5 7
17 7 10 3 5 0 6 4 2 7 1
17 9 8 2 3 5 6 0 4 7 1
17 9 8 2 3 5 6 4 7 0 1
16 10 6 2 3 5 6 4 7 1 0
17 11 6 1 3 6 0 4 2 5 7
16 12 4 1 3 6 7 4 2 5 0
17 9 8 3 0 5 6 1 4 7 2
17 13 4 1 3 0 5 2 4 7 6
17 15 2 1 3 5 7 2 4 0 6
16 16 0 1 3 5 7 2 4 6 0
