6 0 6 3.0 0.0 1.0 4.0 2.0 6.0 5.0 7.0
7 1 6 3.0 1.0 0.0 4.0 2.0 6.0 5.0 7.0
7 1 6 0.0 3.0 1.0 4.0 2.0 6.0 5.0 7.0
8 1 7 3.0 6.0 1.0 4.0 2.0 0.0 5.0 7.0
8 2 6 3.0 1.0 5.0 4.0 2.0 6.0 0.0 7.0
7 3 4 3.0 1.0 5.0 4.0 2.0 6.0 7.0 0.0
8 2 6 2.0 3.0 1.0 4.0 0.0 6.0 5.0 7.0
8 3 5 3.0 1.0 5.0 4.0 2.0 0.0 6.0 7.0
9 2 7 3.0 1.0 4.0 0.0 2.0 6.0 5.0 7.0
8 3 5 3.0 1.0 4.0 7.0 2.0 6.0 5.0 0.0
9 3 6 4.0 3.0 1.0 0.0 2.0 6.0 5.0 7.0
8 4 4 4.0 3.0 1.0 7.0 2.0 6.0 5.0 0.0
9 4 5 7.0 3.0 1.0 4.0 2.0 6.0 5.0 0.0
9 2 7 3.0 6.0 1.0 4.0 0.0 2.0 5.0 7.0
9 2 7 3.0 6.0 1.0 4.0 2.0 5.0 0.0 7.0
8 3 5 3.0 6.0 1.0 4.0 2.0 5.0 7.0 0.0
9 4 5 2.0 3.0 1.0 4.0 7.0 6.0 5.0 0.0
9 4 5 3.0 0.0 5.0 4.0 2.0 1.0 6.0 7.0
9 5 4 0.0 3.0 5.0 4.0 2.0 1.0 6.0 7.0
10 4 6 6.0 3.0 1.0 4.0 2.0 0.0 5.0 7.0
10 4 6 3.0 1.0 5.0 0.0 2.0 6.0 7.0 4.0
10 5 5 3.0 1.0 5.0 4.0 0.0 6.0 7.0 2.0
10 3 7 2.0 3.0 1.0 4.0 6.0 0.0 5.0 7.0
10 4 6 3.0 1.0 5.0 4.0 0.0 2.0 6.0 7.0
10 4 6 3.0 1.0 4.0 7.0 2.0 6.0 0.0 5.0
10 4 6 4.0 3.0 0.0 1.0 2.0 6.0 5.0 7.0
10 5 5 4.0 3.0 1.0 7.0 2.0 6.0 0.0 5.0
10 3 7 0.0 6.0 1.0 4.0 3.0 2.0 5.0 7.0
10 4 6 3.0 6.0 1.0 4.0 7.0 2.0 5.0 0.0
10 3 7 3.0 6.0 0.0 4.0 2.0 5.0 1.0 7.0
10 5 5 3.0 1.0 4.0 7.0 2.0 0.0 6.0 5.0
10 5 5 4.0 3.0 5.0 1.0 2.0 6.0 0.0 7.0
10 6 4 4.0 3.0 1.0 7.0 2.0 0.0 6.0 5.0
10 6 4 4.0 3.0 5.0 1.0 2.0 0.0 6.0 7.0
10 6 4 4.0 3.0 5.0 1.0 2.0 6.0 7.0 0.0
11 6 5 0.0 1.0 5.0 4.0 2.0 6.0 7.0 3.0
11 6 5 3.0 1.0 0.0 4.0 2.0 6.0 7.0 5.0
11 5 6 2.0 0.0 1.0 4.0 3.0 6.0 5.0 7.0
11 4 7 0.0 1.0 4.0 3.0 2.0 6.0 5.0 7.0
11 5 6 7.0 3.0 1.0 0.0 2.0 6.0 5.0 4.0
11 5 6 7.0 3.0 1.0 4.0 2.0 6.0 0.0 5.0
11 4 7 3.0 6.0 1.0 0.0 2.0 5.0 7.0 4.0
11 5 6 3.0 6.0 1.0 4.0 0.0 5.0 7.0 2.0
11 5 6 2.0 3.0 1.0 4.0 7.0 6.0 0.0 5.0
11 5 6 3.0 5.0 0.0 4.0 2.0 1.0 6.0 7.0
11 6 5 2.0 3.0 5.0 4.0 0.0 1.0 6.0 7.0
11 7 4 4.0 3.0 5.0 0.0 2.0 1.0 6.0 7.0
10 8 2 4.0 3.0 5.0 7.0 2.0 1.0 6.0 0.0
11 8 3 1.0 3.0 5.0 4.0 2.0 0.0 6.0 7.0
11 8 3 7.0 3.0 5.0 4.0 2.0 1.0 6.0 0.0
11 5 6 6.0 3.0 1.0 4.0 2.0 5.0 0.0 7.0
11 5 6 3.0 1.0 0.0 5.0 2.0 6.0 7.0 4.0
11 6 5 0.0 1.0 5.0 4.0 3.0 6.0 7.0 2.0
11 4 7 2.0 0.0 1.0 4.0 6.0 3.0 5.0 7.0
11 4 7 2.0 3.0 1.0 4.0 6.0 5.0 0.0 7.0
10 5 5 2.0 3.0 1.0 4.0 6.0 5.0 7.0 0.0
11 5 6 0.0 1.0 5.0 4.0 3.0 2.0 6.0 7.0
11 6 5 3.0 1.0 5.0 4.0 7.0 2.0 6.0 0.0
11 5 6 3.0 1.0 0.0 7.0 2.0 6.0 4.0 5.0
11 5 6 4.0 0.0 3.0 1.0 2.0 6.0 5.0 7.0
11 6 5 4.0 3.0 0.0 7.0 2.0 6.0 1.0 5.0
11 4 7 6.0 0.0 1.0 4.0 3.0 2.0 5.0 7.0
11 4 7 3.0 6.0 4.0 0.0 2.0 5.0 1.0 7.0
10 5 5 3.0 6.0 4.0 7.0 2.0 5.0 1.0 0.0
11 4 7 3.0 0.0 6.0 4.0 2.0 5.0 1.0 7.0
11 6 5 3.0 0.0 4.0 7.0 2.0 1.0 6.0 5.0
11 7 4 1.0 0.0 5.0 4.0 2.0 6.0 7.0 3.0
11 6 5 0.0 2.0 1.0 4.0 3.0 6.0 5.0 7.0
11 5 6 1.0 0.0 4.0 3.0 2.0 6.0 5.0 7.0
11 6 5 7.0 3.0 1.0 4.0 2.0 0.0 6.0 5.0
11 6 5 3.0 6.0 1.0 4.0 5.0 0.0 7.0 2.0
11 6 5 6.0 3.0 1.0 4.0 2.0 5.0 7.0 0.0
11 7 4 1.0 0.0 5.0 4.0 3.0 6.0 7.0 2.0
11 5 6 0.0 2.0 1.0 4.0 6.0 3.0 5.0 7.0
11 6 5 1.0 0.0 5.0 4.0 3.0 2.0 6.0 7.0
11 5 6 6.0 2.0 1.0 4.0 3.0 0.0 5.0 7.0
11 5 6 0.0 3.0 6.0 4.0 2.0 5.0 1.0 7.0
11 7 4 0.0 3.0 4.0 7.0 2.0 1.0 6.0 5.0
11 7 4 3.0 0.0 1.0 4.0 5.0 6.0 7.0 2.0
12 5 7 2.0 3.0 1.0 0.0 4.0 6.0 5.0 7.0
11 6 5 2.0 3.0 1.0 7.0 4.0 6.0 5.0 0.0
12 5 7 3.0 1.0 4.0 2.0 0.0 6.0 5.0 7.0
12 5 7 3.0 1.0 4.0 5.0 2.0 6.0 0.0 7.0
11 6 5 3.0 1.0 4.0 5.0 2.0 6.0 7.0 0.0
12 5 7 3.0 1.0 4.0 7.0 0.0 6.0 5.0 2.0
12 6 6 0.0 1.0 4.0 7.0 2.0 6.0 5.0 3.0
12 6 6 3.0 1.0 0.0 7.0 2.0 6.0 5.0 4.0
12 6 6 4.0 3.0 1.0 5.0 2.0 6.0 0.0 7.0
12 6 6 4.0 3.0 1.0 7.0 0.0 6.0 5.0 2.0
12 7 5 4.0 3.0 0.0 7.0 2.0 6.0 5.0 1.0
12 7 5 0.0 3.0 1.0 7.0 2.0 6.0 5.0 4.0
12 6 6 7.0 3.0 1.0 4.0 0.0 6.0 5.0 2.0
12 5 7 3.0 0.0 1.0 4.0 6.0 2.0 5.0 7.0
12 6 6 3.0 6.0 0.0 4.0 2.0 5.0 7.0 1.0
12 6 6 0.0 6.0 1.0 4.0 2.0 5.0 7.0 3.0
12 5 7 2.0 3.0 1.0 0.0 7.0 6.0 5.0 4.0
12 5 7 6.0 3.0 1.0 4.0 0.0 2.0 5.0 7.0
12 5 7 6.0 0.0 1.0 4.0 2.0 3.0 5.0 7.0
12 6 6 0.0 1.0 5.0 3.0 2.0 6.0 7.0 4.0
12 7 5 3.0 1.0 5.0 7.0 2.0 6.0 0.0 4.0
12 6 6 3.0 1.0 5.0 4.0 6.0 0.0 7.0 2.0
12 6 6 7.0 6.0 1.0 4.0 3.0 2.0 5.0 0.0
12 5 7 3.0 6.0 1.0 4.0 7.0 2.0 0.0 5.0
12 6 6 3.0 1.0 4.0 7.0 0.0 2.0 6.0 5.0
12 7 5 4.0 3.0 1.0 7.0 0.0 2.0 6.0 5.0
12 7 5 4.0 0.0 1.0 7.0 2.0 3.0 6.0 5.0
12 7 5 4.0 3.0 5.0 1.0 0.0 2.0 6.0 7.0
12 7 5 4.0 0.0 5.0 1.0 2.0 3.0 6.0 7.0
12 7 5 4.0 3.0 5.0 0.0 2.0 6.0 7.0 1.0
12 7 5 2.0 1.0 5.0 4.0 0.0 6.0 7.0 3.0
12 7 5 3.0 0.0 1.0 4.0 2.0 6.0 7.0 5.0
12 6 6 2.0 1.0 0.0 4.0 3.0 6.0 5.0 7.0
12 5 7 2.0 1.0 4.0 3.0 0.0 6.0 5.0 7.0
12 6 6 7.0 3.0 0.0 1.0 2.0 6.0 5.0 4.0
12 6 6 7.0 3.0 0.0 4.0 2.0 6.0 1.0 5.0
12 5 7 3.0 6.0 0.0 1.0 2.0 5.0 7.0 4.0
12 6 6 0.0 6.0 1.0 4.0 3.0 5.0 7.0 2.0
12 6 6 2.0 3.0 0.0 4.0 7.0 6.0 1.0 5.0
12 6 6 2.0 3.0 1.0 4.0 7.0 0.0 6.0 5.0
12 6 6 3.0 5.0 4.0 0.0 2.0 1.0 6.0 7.0
11 7 4 3.0 5.0 4.0 7.0 2.0 1.0 6.0 0.0
12 7 5 2.0 3.0 5.0 4.0 1.0 0.0 6.0 7.0
12 8 4 2.0 3.0 5.0 4.0 7.0 1.0 6.0 0.0
12 6 6 6.0 3.0 0.0 4.0 2.0 5.0 1.0 7.0
12 6 6 3.0 0.0 1.0 5.0 2.0 6.0 7.0 4.0
12 5 7 2.0 1.0 0.0 4.0 6.0 3.0 5.0 7.0
12 5 7 2.0 3.0 0.0 4.0 6.0 5.0 1.0 7.0
12 6 6 3.0 0.0 1.0 7.0 2.0 6.0 4.0 5.0
12 6 6 0.0 4.0 3.0 1.0 2.0 6.0 5.0 7.0
12 5 7 6.0 1.0 0.0 4.0 3.0 2.0 5.0 7.0
12 6 6 3.0 6.0 4.0 7.0 2.0 5.0 0.0 1.0
12 5 7 3.0 5.0 6.0 4.0 2.0 0.0 1.0 7.0
12 7 5 3.0 4.0 0.0 7.0 2.0 1.0 6.0 5.0
12 8 4 1.0 5.0 0.0 4.0 2.0 6.0 7.0 3.0
12 7 5 3.0 2.0 1.0 4.0 0.0 6.0 5.0 7.0
12 6 6 1.0 4.0 0.0 3.0 2.0 6.0 5.0 7.0
12 6 6 1.0 6.0 4.0 3.0 2.0 0.0 5.0 7.0
12 8 4 1.0 5.0 0.0 4.0 3.0 6.0 7.0 2.0
12 6 6 6.0 2.0 1.0 4.0 0.0 3.0 5.0 7.0
12 7 5 1.0 2.0 5.0 4.0 3.0 0.0 6.0 7.0
12 6 6 6.0 2.0 1.0 4.0 3.0 5.0 0.0 7.0
11 7 4 6.0 2.0 1.0 4.0 3.0 5.0 7.0 0.0
12 8 4 3.0 1.0 0.0 4.0 5.0 6.0 7.0 2.0
12 8 4 0.0 3.0 1.0 4.0 5.0 6.0 7.0 2.0
12 6 6 3.0 1.0 4.0 5.0 2.0 0.0 6.0 7.0
12 7 5 1.0 0.0 4.0 7.0 2.0 6.0 5.0 3.0
12 7 5 4.0 3.0 1.0 5.0 2.0 0.0 6.0 7.0
12 7 5 4.0 3.0 1.0 5.0 2.0 6.0 7.0 0.0
12 8 4 4.0 3.0 5.0 7.0 2.0 6.0 0.0 1.0
12 8 6 3.0 2.0 1.0 4.0 6.0 0.0 5.0 7.0
12 7 5 1.0 0.0 5.0 3.0 2.0 6.0 7.0 4.0
12 8 4 3.0 1.0 5.0 7.0 2.0 6.0 4.0 0.0
12 8 4 3.0 1.0 5.0 7.0 2.0 0.0 6.0 4.0
12 7 5 7.0 3.0 5.0 1.0 2.0 6.0 0.0 4.0
12 7 5 7.0 0.0 3.0 4.0 2.0 6.0 1.0 5.0
12 7 5 2.0 0.0 3.0 4.0 7.0 6.0 1.0 5.0
12 6 6 2.0 0.0 3.0 4.0 6.0 5.0 1.0 7.0
12 7 5 0.0 3.0 1.0 7.0 2.0 6.0 4.0 5.0
12 8 5 1.0 4.0 3.0 0.0 2.0 6.0 5.0 7.0
12 7 5 1.0 4.0 5.0 3.0 2.0 6.0 0.0 7.0
12 8 4 1.0 2.0 5.0 4.0 3.0 6.0 0.0 7.0
11 9 2 1.0 2.0 5.0 4.0 3.0 6.0 7.0 0.0
12 9 3 4.0 3.0 5.0 7.0 2.0 6.0 1.0 0.0
12 9 3 4.0 3.0 5.0 7.0 2.0 0.0 6.0 1.0
12 8 4 7.0 3.0 5.0 1.0 2.0 6.0 4.0 0.0
12 8 4 7.0 3.0 5.0 1.0 2.0 0.0 6.0 4.0
12 8 4 0.0 2.0 3.0 4.0 7.0 6.0 1.0 5.0
12 7 5 0.0 2.0 3.0 4.0 6.0 5.0 1.0 7.0
12 8 4 1.0 4.0 5.0 3.0 2.0 0.0 6.0 7.0
12 8 4 1.0 4.0 5.0 3.0 2.0 6.0 7.0 0.0
12 9 3 1.0 0.0 5.0 3.0 2.0 4.0 6.0 7.0
13 6 7 4.0 3.0 1.0 2.0 0.0 6.0 5.0 7.0
13 7 6 7.0 3.0 0.0 4.0 2.0 6.0 5.0 1.0
13 5 8 3.0 6.0 1.0 0.0 4.0 2.0 5.0 7.0
12 6 6 3.0 6.0 1.0 7.0 4.0 2.0 5.0 0.0
13 7 6 2.0 3.0 0.0 4.0 7.0 6.0 5.0 1.0
13 7 6 0.0 3.0 1.0 4.0 7.0 6.0 5.0 2.0
13 7 6 3.0 1.0 5.0 2.0 0.0 6.0 7.0 4.0
13 8 5 3.0 0.0 5.0 4.0 1.0 6.0 7.0 2.0
13 7 6 3.0 0.0 5.0 4.0 1.0 2.0 6.0 7.0
13 7 6 3.0 1.0 5.0 0.0 4.0 2.0 6.0 7.0
12 8 4 3.0 1.0 5.0 7.0 4.0 2.0 6.0 0.0
13 5 8 4.0 6.0 1.0 0.0 3.0 2.0 5.0 7.0
12 6 6 4.0 6.0 1.0 7.0 3.0 2.0 5.0 0.0
13 6 7 2.0 6.0 1.0 4.0 3.0 0.0 5.0 7.0
13 5 8 3.0 6.0 1.0 0.0 7.0 2.0 5.0 4.0
13 7 6 3.0 1.0 4.0 0.0 2.0 6.0 7.0 5.0
13 7 6 3.0 1.0 7.0 4.0 2.0 6.0 0.0 5.0
13 7 6 7.0 1.0 4.0 3.0 2.0 6.0 5.0 0.0
13 6 7 0.0 6.0 1.0 3.0 2.0 5.0 7.0 4.0
13 7 6 3.0 6.0 1.0 7.0 2.0 5.0 0.0 4.0
13 6 7 3.0 5.0 6.0 4.0 2.0 1.0 0.0 7.0
12 7 5 3.0 5.0 6.0 4.0 2.0 1.0 7.0 0.0
13 8 5 4.0 3.0 0.0 5.0 2.0 1.0 6.0 7.0
13 9 4 4.0 3.0 5.0 7.0 2.0 1.0 0.0 6.0
13 9 4 1.0 3.0 5.0 4.0 0.0 2.0 6.0 7.0
13 9 4 1.0 0.0 5.0 4.0 2.0 3.0 6.0 7.0
13 9 4 1.0 3.0 5.0 4.0 2.0 6.0 0.0 7.0
13 9 4 7.0 3.0 5.0 0.0 2.0 1.0 6.0 4.0
13 6 7 3.0 1.0 7.0 5.0 2.0 6.0 0.0 4.0
13 9 4 2.0 1.0 5.0 4.0 3.0 6.0 7.0 0.0
13 6 7 2.0 3.0 1.0 0.0 6.0 5.0 7.0 4.0
13 7 6 2.0 3.0 1.0 4.0 0.0 5.0 7.0 6.0
13 7 6 4.0 1.0 5.0 0.0 3.0 2.0 6.0 7.0
12 8 4 4.0 1.0 5.0 7.0 3.0 2.0 6.0 0.0
13 8 5 7.0 1.0 5.0 4.0 3.0 2.0 6.0 0.0
13 7 6 3.0 1.0 5.0 0.0 7.0 2.0 6.0 4.0
13 6 7 3.0 1.0 7.0 0.0 2.0 6.0 4.0 5.0
13 6 7 4.0 6.0 3.0 1.0 2.0 0.0 5.0 7.0
13 7 6 4.0 0.0 3.0 7.0 2.0 6.0 1.0 5.0
13 7 6 4.0 3.0 7.0 0.0 2.0 6.0 1.0 5.0
13 6 7 0.0 6.0 4.0 3.0 2.0 5.0 1.0 7.0
13 8 5 1.0 6.0 5.0 4.0 2.0 0.0 7.0 3.0
13 9 4 7.0 2.0 1.0 4.0 3.0 6.0 5.0 0.0
13 7 6 7.0 3.0 1.0 4.0 0.0 2.0 6.0 5.0
13 7 6 7.0 0.0 1.0 4.0 2.0 3.0 6.0 5.0
13 7 6 3.0 6.0 1.0 4.0 5.0 7.0 0.0 2.0
13 7 6 6.0 3.0 1.0 0.0 2.0 5.0 7.0 4.0
13 8 5 1.0 6.0 5.0 4.0 3.0 0.0 7.0 2.0
13 8 5 7.0 2.0 1.0 4.0 6.0 3.0 5.0 0.0
13 7 6 1.0 5.0 0.0 4.0 3.0 2.0 6.0 7.0
13 6 7 2.0 3.0 6.0 4.0 0.0 5.0 1.0 7.0
13 7 6 4.0 3.0 6.0 0.0 2.0 5.0 1.0 7.0
12 8 4 4.0 3.0 6.0 7.0 2.0 5.0 1.0 0.0
13 8 5 7.0 3.0 6.0 4.0 2.0 5.0 1.0 0.0
13 8 5 2.0 3.0 4.0 7.0 0.0 1.0 6.0 5.0
13 10 3 1.0 3.0 4.0 7.0 2.0 0.0 6.0 5.0
13 10 3 5.0 3.0 4.0 7.0 2.0 1.0 6.0 0.0
13 6 7 2.0 3.0 0.0 1.0 4.0 6.0 5.0 7.0
13 7 6 2.0 3.0 1.0 7.0 4.0 6.0 0.0 5.0
13 6 7 0.0 1.0 4.0 2.0 3.0 6.0 5.0 7.0
13 7 6 3.0 1.0 4.0 2.0 7.0 6.0 5.0 0.0
13 6 7 3.0 1.0 0.0 5.0 2.0 6.0 4.0 7.0
13 6 7 0.0 1.0 4.0 7.0 3.0 6.0 5.0 2.0
13 6 7 3.0 1.0 4.0 7.0 6.0 0.0 5.0 2.0
13 7 6 3.0 0.0 1.0 7.0 2.0 6.0 5.0 4.0
13 7 6 4.0 3.0 0.0 5.0 2.0 6.0 1.0 7.0
13 9 6 0.0 3.0 1.0 7.0 4.0 6.0 5.0 2.0
13 7 6 4.0 3.0 1.0 7.0 6.0 0.0 5.0 2.0
13 6 7 3.0 1.0 0.0 4.0 6.0 2.0 5.0 7.0
13 6 7 0.0 3.0 1.0 4.0 6.0 2.0 5.0 7.0
13 7 6 3.0 0.0 6.0 4.0 2.0 5.0 7.0 1.0
13 7 6 2.0 6.0 1.0 4.0 0.0 5.0 7.0 3.0
13 7 6 6.0 0.0 1.0 4.0 2.0 5.0 7.0 3.0
13 6 7 2.0 3.0 0.0 1.0 7.0 6.0 5.0 4.0
13 7 6 6.0 3.0 1.0 4.0 7.0 2.0 5.0 0.0
13 6 7 6.0 1.0 0.0 4.0 2.0 3.0 5.0 7.0
13 6 7 0.0 6.0 1.0 4.0 2.0 3.0 5.0 7.0
13 7 6 2.0 1.0 5.0 3.0 0.0 6.0 7.0 4.0
13 7 6 3.0 0.0 5.0 4.0 6.0 1.0 7.0 2.0
13 6 7 3.0 6.0 0.0 4.0 7.0 2.0 1.0 5.0
13 6 7 3.0 6.0 1.0 4.0 7.0 0.0 2.0 5.0
13 7 6 0.0 1.0 4.0 7.0 3.0 2.0 6.0 5.0
13 8 5 3.0 1.0 4.0 7.0 5.0 2.0 6.0 0.0
13 8 5 0.0 3.0 1.0 7.0 4.0 2.0 6.0 5.0
13 9 4 4.0 3.0 1.0 7.0 5.0 2.0 6.0 0.0
13 8 5 4.0 1.0 0.0 7.0 2.0 3.0 6.0 5.0
13 8 5 0.0 4.0 1.0 7.0 2.0 3.0 6.0 5.0
13 8 5 0.0 3.0 5.0 1.0 4.0 2.0 6.0 7.0
13 9 4 4.0 3.0 5.0 1.0 7.0 2.0 6.0 0.0
13 8 5 0.0 4.0 5.0 1.0 2.0 3.0 6.0 7.0
13 8 5 0.0 3.0 1.0 4.0 2.0 6.0 7.0 5.0
13 7 6 2.0 1.0 5.0 4.0 3.0 6.0 0.0 7.0
13 7 6 2.0 1.0 4.0 3.0 7.0 6.0 5.0 0.0
13 7 6 7.0 0.0 3.0 1.0 2.0 6.0 5.0 4.0
13 7 6 7.0 3.0 4.0 0.0 2.0 6.0 1.0 5.0
13 6 7 3.0 0.0 6.0 1.0 2.0 5.0 7.0 4.0
13 6 7 3.0 6.0 7.0 1.0 2.0 5.0 0.0 4.0
13 7 6 6.0 0.0 1.0 4.0 3.0 5.0 7.0 2.0
13 7 6 2.0 3.0 1.0 4.0 0.0 7.0 6.0 5.0
13 7 6 6.0 0.0 3.0 4.0 2.0 5.0 1.0 7.0
13 7 6 6.0 3.0 4.0 0.0 2.0 5.0 1.0 7.0
12 8 4 6.0 3.0 4.0 7.0 2.0 5.0 1.0 0.0
13 7 6 0.0 3.0 1.0 5.0 2.0 6.0 7.0 4.0
13 6 7 2.0 1.0 5.0 4.0 6.0 3.0 0.0 7.0
12 7 5 2.0 1.0 5.0 4.0 6.0 3.0 7.0 0.0
13 6 7 2.0 3.0 4.0 0.0 6.0 5.0 1.0 7.0
12 7 5 2.0 3.0 4.0 7.0 6.0 5.0 1.0 0.0
13 7 6 3.0 6.0 1.0 7.0 2.0 0.0 4.0 5.0
13 7 6 2.0 4.0 3.0 1.0 0.0 6.0 5.0 7.0
13 6 7 6.0 1.0 5.0 4.0 3.0 2.0 0.0 7.0
12 7 5 6.0 1.0 5.0 4.0 3.0 2.0 7.0 0.0
13 7 6 3.0 6.0 0.0 7.0 2.0 5.0 4.0 1.0
13 7 6 3.0 6.0 4.0 7.0 2.0 0.0 5.0 1.0
13 6 7 3.0 5.0 6.0 4.0 0.0 2.0 1.0 7.0
13 9 4 3.0 2.0 1.0 4.0 7.0 6.0 5.0 0.0
13 7 6 1.0 6.0 4.0 3.0 2.0 5.0 0.0 7.0
13 8 5 6.0 2.0 1.0 4.0 7.0 3.0 5.0 0.0
13 8 5 1.0 2.0 5.0 4.0 0.0 3.0 6.0 7.0
13 7 6 6.0 2.0 0.0 4.0 3.0 5.0 1.0 7.0
13 7 6 3.0 0.0 4.0 5.0 2.0 1.0 6.0 7.0
13 8 5 1.0 4.0 0.0 7.0 2.0 6.0 5.0 3.0
13 8 5 1.0 6.0 4.0 7.0 2.0 0.0 5.0 3.0
13 8 5 1.0 5.0 0.0 3.0 2.0 6.0 7.0 4.0
13 8 5 1.0 6.0 5.0 3.0 2.0 0.0 7.0 4.0
13 9 4 3.0 0.0 5.0 7.0 2.0 1.0 6.0 4.0
13 8 5 0.0 7.0 3.0 4.0 2.0 6.0 1.0 5.0
13 7 6 2.0 5.0 3.0 4.0 6.0 0.0 1.0 7.0
13 9 4 1.0 4.0 3.0 7.0 2.0 6.0 5.0 0.0
13 9 4 1.0 2.0 0.0 4.0 3.0 6.0 5.0 7.0
13 9 4 7.0 2.0 3.0 4.0 0.0 6.0 1.0 5.0
13 8 5 6.0 2.0 3.0 4.0 0.0 5.0 1.0 7.0
13 8 5 7.0 0.0 3.0 4.0 2.0 6.0 5.0 1.0
13 8 5 7.0 3.0 5.0 4.0 2.0 6.0 0.0 1.0
13 8 5 2.0 0.0 3.0 4.0 7.0 6.0 5.0 1.0
13 8 5 0.0 3.0 5.0 4.0 1.0 2.0 6.0 7.0
13 8 5 3.0 1.0 7.0 4.0 2.0 6.0 5.0 0.0
13 8 5 3.0 6.0 1.0 7.0 2.0 5.0 4.0 0.0
13 10 3 1.0 3.0 5.0 4.0 2.0 6.0 7.0 0.0
13 7 6 3.0 1.0 7.0 5.0 2.0 6.0 4.0 0.0
13 7 6 3.0 1.0 7.0 5.0 2.0 0.0 6.0 4.0
13 8 5 2.0 3.0 1.0 4.0 5.0 0.0 7.0 6.0
13 8 5 4.0 3.0 7.0 5.0 2.0 6.0 1.0 0.0
13 8 5 3.0 6.0 1.0 4.0 5.0 7.0 2.0 0.0
13 7 6 2.0 3.0 6.0 4.0 5.0 0.0 1.0 7.0
13 7 6 2.0 0.0 3.0 1.0 4.0 6.0 5.0 7.0
13 7 6 2.0 3.0 5.0 1.0 4.0 6.0 0.0 7.0
13 8 5 2.0 3.0 1.0 7.0 4.0 0.0 6.0 5.0
13 7 6 1.0 0.0 4.0 2.0 3.0 6.0 5.0 7.0
13 9 6 3.0 1.0 5.0 0.0 2.0 6.0 4.0 7.0
13 7 6 1.0 0.0 4.0 7.0 3.0 6.0 5.0 2.0
13 10 5 4.0 3.0 5.0 0.0 2.0 6.0 1.0 7.0
13 8 5 2.0 6.0 1.0 4.0 5.0 0.0 7.0 3.0
13 7 6 2.0 0.0 3.0 1.0 7.0 6.0 5.0 4.0
13 7 6 2.0 3.0 5.0 1.0 7.0 6.0 0.0 4.0
13 7 6 6.0 1.0 5.0 4.0 2.0 3.0 0.0 7.0
13 7 6 3.0 0.0 1.0 4.0 7.0 6.0 2.0 5.0
13 8 5 1.0 0.0 4.0 7.0 3.0 2.0 6.0 5.0
13 8 5 7.0 3.0 4.0 5.0 2.0 6.0 1.0 0.0
13 7 6 0.0 3.0 6.0 1.0 2.0 5.0 7.0 4.0
13 7 6 3.0 6.0 7.0 1.0 2.0 5.0 4.0 0.0
13 8 5 0.0 3.0 1.0 4.0 2.0 7.0 6.0 5.0
13 8 5 3.0 6.0 1.0 7.0 2.0 4.0 0.0 5.0
13 8 5 1.0 6.0 4.0 3.0 2.0 5.0 7.0 0.0
13 8 5 0.0 3.0 4.0 5.0 2.0 1.0 6.0 7.0
13 9 4 1.0 4.0 5.0 7.0 2.0 6.0 0.0 3.0
13 9 4 1.0 5.0 3.0 0.0 2.0 6.0 7.0 4.0
12 10 2 1.0 5.0 3.0 4.0 2.0 6.0 7.0 0.0
13 11 3 0.0 3.0 5.0 7.0 2.0 1.0 6.0 4.0
13 8 5 2.0 5.0 3.0 4.0 0.0 6.0 1.0 7.0
13 11 2 7.0 2.0 3.0 4.0 5.0 6.0 1.0 0.0
13 9 4 6.0 2.0 3.0 4.0 5.0 0.0 1.0 7.0
13 9 4 7.0 3.0 5.0 4.0 2.0 6.0 1.0 0.0
13 9 4 7.0 3.0 5.0 4.0 2.0 0.0 6.0 1.0
13 9 4 0.0 2.0 3.0 4.0 7.0 6.0 5.0 1.0
13 8 5 0.0 2.0 3.0 1.0 4.0 6.0 5.0 7.0
13 11 5 2.0 3.0 5.0 1.0 4.0 0.0 6.0 7.0
13 8 5 2.0 3.0 5.0 1.0 4.0 6.0 7.0 0.0
13 9 4 2.0 3.0 1.0 7.0 0.0 4.0 6.0 5.0
13 9 4 2.0 0.0 1.0 4.0 5.0 6.0 7.0 3.0
13 8 5 0.0 2.0 3.0 1.0 7.0 6.0 5.0 4.0
13 8 5 2.0 3.0 5.0 1.0 7.0 6.0 4.0 0.0
13 8 5 2.0 3.0 5.0 1.0 7.0 0.0 6.0 4.0
13 8 5 6.0 1.0 5.0 4.0 2.0 3.0 7.0 0.0
13 9 4 3.0 6.0 1.0 7.0 2.0 4.0 5.0 0.0
13 10 3 1.0 4.0 5.0 7.0 2.0 6.0 3.0 0.0
13 10 3 1.0 4.0 5.0 7.0 2.0 0.0 6.0 3.0
13 10 3 0.0 3.0 1.0 7.0 2.0 4.0 6.0 5.0
13 10 3 0.0 2.0 1.0 4.0 5.0 6.0 7.0 3.0
13 11 2 1.0 0.0 5.0 7.0 2.0 4.0 6.0 3.0
14 8 6 3.0 1.0 5.0 0.0 4.0 6.0 7.0 2.0
14 7 7 3.0 6.0 0.0 4.0 7.0 2.0 5.0 1.0
14 7 7 0.0 6.0 1.0 4.0 7.0 2.0 5.0 3.0
14 8 6 4.0 3.0 5.0 1.0 0.0 6.0 7.0 2.0
14 9 5 0.0 3.0 5.0 1.0 2.0 6.0 7.0 4.0
14 8 6 4.0 1.0 5.0 0.0 2.0 6.0 7.0 3.0
14 7 7 6.0 1.0 4.0 3.0 2.0 0.0 5.0 7.0
14 8 6 7.0 3.0 1.0 5.0 2.0 6.0 0.0 4.0
14 7 7 3.0 6.0 1.0 2.0 0.0 5.0 7.0 4.0
14 8 6 3.0 0.0 1.0 4.0 6.0 5.0 7.0 2.0
14 9 5 2.0 3.0 5.0 0.0 4.0 1.0 6.0 7.0
13 10 3 2.0 3.0 5.0 7.0 4.0 1.0 6.0 0.0
14 10 4 4.0 3.0 5.0 7.0 0.0 1.0 6.0 2.0
14 9 5 7.0 3.0 5.0 4.0 2.0 1.0 0.0 6.0
14 8 6 4.0 1.0 5.0 0.0 3.0 6.0 7.0 2.0
14 8 6 2.0 3.0 0.0 4.0 6.0 5.0 7.0 1.0
14 8 6 0.0 3.0 1.0 4.0 6.0 5.0 7.0 2.0
14 8 6 2.0 1.0 5.0 4.0 3.0 0.0 6.0 7.0
14 7 7 3.0 1.0 5.0 4.0 7.0 2.0 0.0 6.0
14 7 7 3.0 6.0 4.0 1.0 2.0 5.0 0.0 7.0
14 7 7 3.0 6.0 4.0 7.0 0.0 5.0 1.0 2.0
14 8 6 0.0 6.0 4.0 7.0 2.0 5.0 1.0 3.0
14 8 6 3.0 6.0 0.0 7.0 2.0 5.0 1.0 4.0
14 8 6 4.0 2.0 1.0 0.0 3.0 6.0 5.0 7.0
14 8 6 6.0 3.0 1.0 4.0 0.0 5.0 7.0 2.0
14 7 7 4.0 2.0 1.0 0.0 6.0 3.0 5.0 7.0
14 8 6 5.0 3.0 6.0 4.0 2.0 0.0 1.0 7.0
14 9 5 7.0 3.0 4.0 0.0 2.0 1.0 6.0 5.0
14 7 7 0.0 3.0 1.0 2.0 4.0 6.0 5.0 7.0
14 8 6 2.0 3.0 1.0 7.0 0.0 6.0 5.0 4.0
14 6 8 3.0 1.0 4.0 2.0 6.0 0.0 5.0 7.0
14 8 6 3.0 1.0 4.0 5.0 0.0 6.0 7.0 2.0
14 7 7 2.0 1.0 4.0 7.0 0.0 6.0 5.0 3.0
14 7 7 3.0 1.0 7.0 0.0 2.0 6.0 5.0 4.0
14 8 6 4.0 0.0 3.0 7.0 2.0 6.0 5.0 1.0
14 8 6 4.0 3.0 7.0 0.0 2.0 6.0 5.0 1.0
14 7 7 7.0 3.0 1.0 4.0 6.0 0.0 5.0 2.0
14 7 7 3.0 6.0 4.0 0.0 2.0 5.0 7.0 1.0
14 7 7 3.0 6.0 7.0 4.0 2.0 5.0 0.0 1.0
14 7 7 0.0 3.0 1.0 2.0 7.0 6.0 5.0 4.0
14 9 5 4.0 1.0 5.0 3.0 2.0 6.0 7.0 0.0
14 7 7 3.0 1.0 5.0 4.0 6.0 7.0 0.0 2.0
14 7 7 7.0 6.0 1.0 4.0 3.0 2.0 0.0 5.0
14 8 6 4.0 5.0 0.0 1.0 2.0 3.0 6.0 7.0
14 8 6 4.0 3.0 0.0 5.0 2.0 6.0 7.0 1.0
14 9 5 0.0 3.0 5.0 4.0 2.0 6.0 7.0 1.0
14 8 6 2.0 1.0 5.0 4.0 6.0 0.0 7.0 3.0
14 8 6 3.0 6.0 1.0 4.0 2.0 0.0 7.0 5.0
14 7 7 2.0 1.0 4.0 0.0 3.0 6.0 5.0 7.0
14 6 8 2.0 1.0 4.0 3.0 6.0 0.0 5.0 7.0
14 9 5 2.0 6.0 1.0 4.0 3.0 5.0 7.0 0.0
14 7 7 2.0 3.0 4.0 0.0 7.0 6.0 1.0 5.0
14 7 7 2.0 0.0 1.0 4.0 7.0 3.0 6.0 5.0
14 8 6 0.0 5.0 4.0 3.0 2.0 1.0 6.0 7.0
14 8 6 3.0 5.0 4.0 7.0 2.0 1.0 0.0 6.0
14 8 6 2.0 0.0 5.0 4.0 1.0 3.0 6.0 7.0
14 8 6 2.0 3.0 5.0 4.0 1.0 6.0 0.0 7.0
13 9 4 2.0 3.0 5.0 4.0 1.0 6.0 7.0 0.0
14 9 5 2.0 3.0 5.0 0.0 7.0 1.0 6.0 4.0
14 7 7 3.0 6.0 1.0 5.0 2.0 0.0 7.0 4.0
14 6 8 2.0 1.0 4.0 0.0 6.0 3.0 5.0 7.0
13 7 6 2.0 1.0 4.0 7.0 6.0 3.0 5.0 0.0
14 9 5 7.0 4.0 3.0 1.0 2.0 6.0 5.0 0.0
14 6 8 6.0 1.0 4.0 0.0 3.0 2.0 5.0 7.0
13 7 6 6.0 1.0 4.0 7.0 3.0 2.0 5.0 0.0
14 8 6 3.0 4.0 6.0 7.0 2.0 1.0 0.0 5.0
14 8 6 3.0 4.0 7.0 0.0 2.0 1.0 6.0 5.0
14 9 5 1.0 5.0 4.0 0.0 2.0 6.0 7.0 3.0
14 9 5 1.0 5.0 7.0 4.0 2.0 6.0 0.0 3.0
14 7 7 1.0 6.0 4.0 3.0 0.0 2.0 5.0 7.0
14 9 5 1.0 5.0 4.0 0.0 3.0 6.0 7.0 2.0
14 9 5 1.0 5.0 7.0 4.0 3.0 6.0 0.0 2.0
14 8 6 6.0 2.0 1.0 0.0 3.0 5.0 7.0 4.0
14 9 5 6.0 2.0 1.0 4.0 0.0 5.0 7.0 3.0
14 9 5 3.0 1.0 4.0 0.0 5.0 6.0 7.0 2.0
14 9 5 3.0 1.0 7.0 4.0 5.0 6.0 0.0 2.0
14 9 5 5.0 3.0 1.0 4.0 0.0 6.0 7.0 2.0
14 11 3 2.0 3.0 1.0 4.0 5.0 6.0 7.0 0.0
14 7 7 3.0 1.0 4.0 5.0 0.0 2.0 6.0 7.0
14 8 6 4.0 3.0 1.0 5.0 0.0 2.0 6.0 7.0
14 8 6 4.0 0.0 1.0 5.0 2.0 3.0 6.0 7.0
14 8 6 4.0 3.0 1.0 0.0 2.0 6.0 7.0 5.0
14 9 5 3.0 1.0 5.0 7.0 0.0 2.0 6.0 4.0
14 8 6 7.0 6.0 3.0 4.0 2.0 0.0 1.0 5.0
14 8 6 2.0 6.0 3.0 4.0 7.0 0.0 1.0 5.0
14 8 6 2.0 3.0 1.0 7.0 0.0 6.0 4.0 5.0
14 10 4 5.0 3.0 1.0 7.0 2.0 6.0 4.0 0.0
14 10 4 1.0 2.0 5.0 0.0 3.0 6.0 7.0 4.0
14 11 3 1.0 2.0 5.0 4.0 0.0 6.0 7.0 3.0
14 10 4 4.0 3.0 5.0 7.0 0.0 2.0 6.0 1.0
14 10 4 4.0 0.0 5.0 7.0 2.0 3.0 6.0 1.0
14 9 5 7.0 3.0 5.0 0.0 2.0 6.0 4.0 1.0
14 9 5 7.0 3.0 5.0 1.0 0.0 2.0 6.0 4.0
14 9 5 7.0 0.0 5.0 1.0 2.0 3.0 6.0 4.0
14 11 3 5.0 2.0 3.0 4.0 7.0 6.0 1.0 0.0
14 10 4 7.0 2.0 3.0 4.0 6.0 5.0 1.0 0.0
14 9 5 1.0 4.0 5.0 3.0 0.0 2.0 6.0 7.0
14 9 5 1.0 4.0 5.0 0.0 2.0 6.0 7.0 3.0
14 10 4 0.0 1.0 5.0 3.0 2.0 4.0 6.0 7.0
14 10 4 1.0 5.0 0.0 3.0 2.0 4.0 6.0 7.0
14 7 7 4.0 3.0 1.0 2.0 6.0 0.0 5.0 7.0
14 8 6 4.0 3.0 1.0 2.0 7.0 6.0 5.0 0.0
14 8 6 7.0 3.0 4.0 0.0 2.0 6.0 5.0 1.0
14 6 8 3.0 6.0 0.0 1.0 4.0 2.0 5.0 7.0
14 7 7 3.0 6.0 1.0 7.0 4.0 2.0 0.0 5.0
14 8 6 2.0 3.0 5.0 4.0 7.0 6.0 0.0 1.0
14 8 6 3.0 0.0 1.0 4.0 7.0 6.0 5.0 2.0
14 8 6 0.0 1.0 5.0 2.0 3.0 6.0 7.0 4.0
14 9 5 3.0 1.0 5.0 2.0 4.0 6.0 7.0 0.0
14 9 5 0.0 3.0 5.0 4.0 1.0 6.0 7.0 2.0
14 9 5 3.0 5.0 0.0 4.0 1.0 6.0 7.0 2.0
14 8 6 3.0 2.0 5.0 4.0 1.0 0.0 6.0 7.0
14 6 8 4.0 6.0 0.0 1.0 3.0 2.0 5.0 7.0
14 7 7 4.0 6.0 1.0 7.0 3.0 2.0 0.0 5.0
14 7 7 2.0 6.0 1.0 4.0 0.0 3.0 5.0 7.0
14 7 7 2.0 6.0 1.0 4.0 3.0 5.0 0.0 7.0
14 6 8 3.0 6.0 0.0 1.0 7.0 2.0 5.0 4.0
14 8 6 3.0 1.0 7.0 4.0 2.0 0.0 6.0 5.0
14 7 7 2.0 6.0 1.0 3.0 0.0 5.0 7.0 4.0
14 7 7 6.0 0.0 1.0 3.0 2.0 5.0 7.0 4.0
14 8 6 3.0 6.0 1.0 7.0 2.0 0.0 5.0 4.0
14 10 4 4.0 3.0 5.0 7.0 2.0 0.0 1.0 6.0
14 11 3 1.0 3.0 5.0 4.0 7.0 2.0 6.0 0.0
14 7 7 2.0 3.0 0.0 1.0 6.0 5.0 7.0 4.0
14 9 6 0.0 3.0 1.0 4.0 2.0 5.0 7.0 6.0
14 7 7 4.0 6.0 3.0 1.0 0.0 2.0 5.0 7.0
14 7 7 4.0 6.0 3.0 1.0 2.0 5.0 0.0 7.0
13 8 5 4.0 6.0 3.0 1.0 2.0 5.0 7.0 0.0
14 8 6 0.0 4.0 3.0 7.0 2.0 6.0 1.0 5.0
14 8 6 4.0 6.0 3.0 7.0 2.0 0.0 1.0 5.0
14 7 7 6.0 0.0 4.0 3.0 2.0 5.0 1.0 7.0
14 9 5 1.0 6.0 5.0 4.0 0.0 2.0 7.0 3.0
14 9 5 1.0 6.0 5.0 4.0 2.0 7.0 0.0 3.0
14 8 6 0.0 3.0 1.0 4.0 7.0 2.0 6.0 5.0
14 9 5 7.0 3.0 1.0 4.0 5.0 2.0 6.0 0.0
14 8 6 7.0 1.0 0.0 4.0 2.0 3.0 6.0 5.0
14 8 6 0.0 7.0 1.0 4.0 2.0 3.0 6.0 5.0
14 8 6 3.0 6.0 0.0 4.0 5.0 7.0 1.0 2.0
14 8 6 6.0 3.0 0.0 1.0 2.0 5.0 7.0 4.0
14 9 5 1.0 6.0 5.0 4.0 0.0 3.0 7.0 2.0
14 8 6 1.0 5.0 4.0 0.0 3.0 2.0 6.0 7.0
13 9 4 1.0 5.0 4.0 7.0 3.0 2.0 6.0 0.0
14 8 6 1.0 5.0 6.0 4.0 3.0 2.0 0.0 7.0
13 9 4 1.0 5.0 6.0 4.0 3.0 2.0 7.0 0.0
14 8 6 2.0 3.0 6.0 4.0 7.0 5.0 1.0 0.0
14 8 6 4.0 3.0 0.0 6.0 2.0 5.0 1.0 7.0
14 9 5 4.0 3.0 6.0 7.0 2.0 5.0 0.0 1.0
14 9 5 2.0 3.0 4.0 7.0 1.0 0.0 6.0 5.0
14 10 4 2.0 3.0 4.0 7.0 5.0 1.0 6.0 0.0
14 8 6 2.0 3.0 0.0 7.0 4.0 6.0 1.0 5.0
14 7 7 3.0 0.0 1.0 5.0 2.0 6.0 4.0 7.0
14 7 7 3.0 0.0 4.0 7.0 6.0 1.0 5.0 2.0
14 7 7 3.0 1.0 4.0 7.0 6.0 5.0 0.0 2.0
14 8 6 4.0 0.0 3.0 5.0 2.0 6.0 1.0 7.0
14 8 6 4.0 3.0 1.0 7.0 6.0 5.0 0.0 2.0
14 7 7 3.0 1.0 5.0 4.0 6.0 2.0 0.0 7.0
13 8 5 3.0 1.0 5.0 4.0 6.0 2.0 7.0 0.0
14 8 6 0.0 3.0 6.0 4.0 2.0 5.0 7.0 1.0
14 8 6 3.0 5.0 6.0 4.0 2.0 0.0 7.0 1.0
14 8 6 6.0 1.0 0.0 4.0 2.0 5.0 7.0 3.0
14 8 6 6.0 5.0 1.0 4.0 2.0 0.0 7.0 3.0
14 7 7 6.0 1.0 4.0 0.0 2.0 3.0 5.0 7.0
13 8 5 6.0 1.0 4.0 7.0 2.0 3.0 5.0 0.0
14 9 5 2.0 1.0 5.0 3.0 4.0 6.0 7.0 0.0
14 8 6 0.0 3.0 5.0 4.0 6.0 1.0 7.0 2.0
14 8 6 3.0 5.0 0.0 4.0 6.0 1.0 7.0 2.0
14 7 7 3.0 0.0 6.0 4.0 7.0 2.0 1.0 5.0
14 7 7 3.0 6.0 1.0 4.0 0.0 7.0 2.0 5.0
14 12 4 1.0 3.0 5.0 0.0 4.0 2.0 6.0 7.0
14 10 4 1.0 4.0 5.0 0.0 2.0 3.0 6.0 7.0
13 11 2 1.0 4.0 5.0 7.0 2.0 3.0 6.0 0.0
14 9 5 2.0 3.0 1.0 4.0 0.0 6.0 7.0 5.0
14 8 6 0.0 7.0 3.0 1.0 2.0 6.0 5.0 4.0
14 9 5 0.0 3.0 4.0 7.0 2.0 6.0 1.0 5.0
14 7 7 3.0 5.0 6.0 1.0 2.0 0.0 7.0 4.0
14 7 7 3.0 6.0 7.0 1.0 2.0 0.0 5.0 4.0
14 8 6 6.0 1.0 0.0 4.0 3.0 5.0 7.0 2.0
14 8 6 6.0 5.0 1.0 4.0 3.0 0.0 7.0 2.0
14 9 5 2.0 3.0 1.0 4.0 5.0 7.0 6.0 0.0
14 8 6 6.0 5.0 3.0 4.0 2.0 0.0 1.0 7.0
14 8 6 0.0 6.0 3.0 4.0 2.0 5.0 1.0 7.0
14 9 5 6.0 3.0 4.0 7.0 2.0 5.0 0.0 1.0
14 8 6 2.0 3.0 1.0 5.0 0.0 6.0 7.0 4.0
14 7 7 2.0 1.0 5.0 4.0 6.0 0.0 3.0 7.0
14 8 6 2.0 3.0 4.0 7.0 6.0 5.0 0.0 1.0
14 9 5 2.0 4.0 3.0 1.0 7.0 6.0 5.0 0.0
14 7 7 6.0 1.0 5.0 4.0 3.0 0.0 2.0 7.0
14 8 6 3.0 0.0 6.0 7.0 2.0 5.0 4.0 1.0
14 8 6 3.0 0.0 4.0 7.0 2.0 6.0 5.0 1.0
14 7 7 0.0 5.0 6.0 4.0 3.0 2.0 1.0 7.0
14 8 6 3.0 5.0 6.0 4.0 7.0 2.0 1.0 0.0
14 8 6 1.0 6.0 0.0 3.0 2.0 5.0 4.0 7.0
14 10 4 1.0 2.0 5.0 4.0 7.0 3.0 6.0 0.0
14 8 6 3.0 4.0 0.0 5.0 2.0 1.0 6.0 7.0
14 9 5 1.0 6.0 4.0 7.0 2.0 5.0 0.0 3.0
14 9 5 1.0 6.0 5.0 3.0 2.0 7.0 0.0 4.0
14 9 5 2.0 7.0 3.0 4.0 0.0 6.0 1.0 5.0
14 8 6 2.0 5.0 3.0 4.0 6.0 1.0 0.0 7.0
13 9 4 2.0 5.0 3.0 4.0 6.0 1.0 7.0 0.0
14 10 4 6.0 2.0 3.0 4.0 7.0 5.0 1.0 0.0
14 9 5 0.0 7.0 3.0 4.0 2.0 6.0 5.0 1.0
14 8 6 3.0 0.0 7.0 5.0 2.0 1.0 6.0 4.0
14 9 5 2.0 0.0 1.0 4.0 5.0 3.0 7.0 6.0
14 8 6 2.0 3.0 6.0 4.0 5.0 1.0 0.0 7.0
13 9 4 2.0 3.0 6.0 4.0 5.0 1.0 7.0 0.0
14 8 6 2.0 0.0 6.0 4.0 5.0 3.0 1.0 7.0
14 8 6 1.0 4.0 0.0 2.0 3.0 6.0 5.0 7.0
14 8 6 1.0 4.0 0.0 7.0 3.0 6.0 5.0 2.0
14 8 6 1.0 6.0 4.0 7.0 3.0 0.0 5.0 2.0
14 8 6 6.0 1.0 5.0 4.0 2.0 0.0 3.0 7.0
14 8 6 3.0 1.0 0.0 4.0 7.0 6.0 2.0 5.0
14 8 6 0.0 3.0 1.0 4.0 7.0 6.0 2.0 5.0
14 9 5 1.0 2.0 4.0 7.0 3.0 0.0 6.0 5.0
14 9 5 1.0 4.0 0.0 7.0 3.0 2.0 6.0 5.0
14 9 5 1.0 3.0 6.0 0.0 2.0 5.0 7.0 4.0
14 9 5 3.0 6.0 0.0 7.0 2.0 4.0 1.0 5.0
14 9 5 0.0 5.0 3.0 4.0 2.0 6.0 1.0 7.0
14 10 4 2.0 5.0 3.0 4.0 7.0 6.0 1.0 0.0
14 10 4 6.0 2.0 3.0 4.0 5.0 1.0 0.0 7.0
13 11 2 6.0 2.0 3.0 4.0 5.0 1.0 7.0 0.0
14 10 4 7.0 2.0 3.0 4.0 0.0 6.0 5.0 1.0
14 12 2 1.0 2.0 3.0 4.0 7.0 6.0 5.0 0.0
14 9 5 4.0 2.0 3.0 1.0 0.0 6.0 5.0 7.0
14 10 4 1.0 2.0 3.0 0.0 4.0 6.0 5.0 7.0
14 11 3 2.0 3.0 1.0 7.0 5.0 4.0 6.0 0.0
14 10 4 2.0 1.0 0.0 4.0 5.0 6.0 7.0 3.0
14 9 5 7.0 2.0 3.0 1.0 0.0 6.0 5.0 4.0
14 10 4 1.0 2.0 3.0 0.0 7.0 6.0 5.0 4.0
14 9 5 2.0 3.0 5.0 1.0 0.0 7.0 6.0 4.0
14 9 5 7.0 3.0 1.0 5.0 2.0 6.0 4.0 0.0
14 9 5 7.0 3.0 1.0 5.0 2.0 0.0 6.0 4.0
14 8 6 3.0 6.0 1.0 2.0 5.0 0.0 7.0 4.0
14 9 5 4.0 1.0 5.0 2.0 3.0 6.0 7.0 0.0
14 9 5 2.0 0.0 3.0 4.0 6.0 5.0 7.0 1.0
14 8 6 3.0 6.0 4.0 1.0 2.0 5.0 7.0 0.0
14 9 5 4.0 2.0 1.0 7.0 3.0 6.0 5.0 0.0
14 11 5 6.0 3.0 1.0 4.0 5.0 0.0 7.0 2.0
14 8 6 4.0 2.0 1.0 7.0 6.0 3.0 5.0 0.0
14 11 4 7.0 3.0 4.0 5.0 2.0 1.0 6.0 0.0
14 9 5 4.0 3.0 7.0 1.0 2.0 6.0 5.0 0.0
14 8 6 3.0 6.0 7.0 4.0 2.0 5.0 1.0 0.0
14 8 6 3.0 1.0 5.0 4.0 6.0 7.0 2.0 0.0
14 9 5 4.0 0.0 3.0 5.0 2.0 6.0 7.0 1.0
14 9 6 2.0 1.0 4.0 7.0 3.0 6.0 5.0 0.0
14 8 6 2.0 3.0 4.0 5.0 7.0 6.0 1.0 0.0
14 8 6 0.0 2.0 1.0 4.0 7.0 3.0 6.0 5.0
14 9 5 3.0 4.0 6.0 7.0 2.0 1.0 5.0 0.0
14 9 5 3.0 4.0 7.0 5.0 2.0 1.0 6.0 0.0
14 10 4 1.0 5.0 4.0 3.0 2.0 6.0 7.0 0.0
14 10 4 1.0 5.0 7.0 4.0 2.0 6.0 3.0 0.0
14 10 4 1.0 5.0 4.0 2.0 3.0 6.0 7.0 0.0
14 10 4 1.0 5.0 7.0 4.0 3.0 6.0 2.0 0.0
14 13 4 6.0 2.0 1.0 4.0 5.0 0.0 7.0 3.0
14 10 4 3.0 1.0 4.0 2.0 5.0 6.0 7.0 0.0
14 10 4 3.0 1.0 7.0 4.0 5.0 6.0 2.0 0.0
14 9 5 7.0 3.0 4.0 1.0 2.0 6.0 5.0 0.0
14 7 7 3.0 6.0 5.0 1.0 4.0 2.0 0.0 7.0
14 9 5 2.0 3.0 5.0 4.0 7.0 6.0 1.0 0.0
14 9 5 2.0 3.0 5.0 4.0 7.0 0.0 6.0 1.0
14 9 5 1.0 0.0 5.0 2.0 3.0 6.0 7.0 4.0
14 12 4 1.0 3.0 5.0 4.0 0.0 6.0 7.0 2.0
14 9 5 3.0 2.0 5.0 4.0 1.0 6.0 0.0 7.0
13 10 3 3.0 2.0 5.0 4.0 1.0 6.0 7.0 0.0
14 7 7 4.0 6.0 5.0 1.0 3.0 2.0 0.0 7.0
14 7 7 3.0 6.0 5.0 1.0 7.0 2.0 0.0 4.0
14 8 6 2.0 6.0 1.0 3.0 5.0 0.0 7.0 4.0
14 8 6 2.0 0.0 3.0 1.0 6.0 5.0 7.0 4.0
14 10 4 1.0 6.0 5.0 4.0 2.0 7.0 3.0 0.0
14 10 4 4.0 3.0 0.0 7.0 2.0 5.0 6.0 1.0
14 8 6 0.0 3.0 1.0 5.0 2.0 6.0 4.0 7.0
14 8 6 0.0 3.0 4.0 7.0 6.0 1.0 5.0 2.0
14 8 6 3.0 1.0 4.0 7.0 6.0 5.0 2.0 0.0
14 9 5 4.0 3.0 1.0 7.0 6.0 5.0 2.0 0.0
14 8 6 3.0 2.0 6.0 4.0 7.0 0.0 1.0 5.0
14 8 6 2.0 1.0 5.0 4.0 0.0 6.0 3.0 7.0
14 9 5 0.0 3.0 6.0 7.0 2.0 5.0 4.0 1.0
14 10 5 0.0 3.0 4.0 7.0 2.0 6.0 5.0 1.0
14 9 5 3.0 4.0 5.0 0.0 2.0 1.0 6.0 7.0
13 10 3 3.0 4.0 5.0 7.0 2.0 1.0 6.0 0.0
14 10 4 1.0 6.0 4.0 7.0 2.0 5.0 3.0 0.0
14 10 4 1.0 6.0 5.0 3.0 2.0 7.0 4.0 0.0
14 11 3 2.0 7.0 3.0 4.0 5.0 6.0 1.0 0.0
14 9 5 0.0 3.0 7.0 5.0 2.0 1.0 6.0 4.0
14 10 4 0.0 2.0 1.0 4.0 5.0 3.0 7.0 6.0
14 9 5 0.0 2.0 6.0 4.0 5.0 3.0 1.0 7.0
14 9 5 1.0 4.0 5.0 7.0 3.0 6.0 0.0 2.0
14 11 4 1.0 3.0 6.0 4.0 2.0 5.0 7.0 0.0
14 11 3 1.0 2.0 3.0 7.0 4.0 6.0 5.0 0.0
14 10 4 0.0 3.0 5.0 1.0 2.0 7.0 6.0 4.0
14 9 5 3.0 0.0 1.0 2.0 5.0 6.0 7.0 4.0
14 10 4 0.0 2.0 3.0 4.0 6.0 5.0 7.0 1.0
14 8 6 3.0 6.0 5.0 1.0 4.0 2.0 7.0 0.0
14 8 6 4.0 6.0 5.0 1.0 3.0 2.0 7.0 0.0
14 8 6 3.0 6.0 5.0 1.0 7.0 2.0 4.0 0.0
14 9 5 2.0 0.0 1.0 3.0 5.0 6.0 7.0 4.0
14 9 5 0.0 2.0 3.0 1.0 6.0 5.0 7.0 4.0
14 10 4 1.0 4.0 5.0 7.0 3.0 6.0 2.0 0.0
14 10 4 1.0 4.0 5.0 7.0 3.0 0.0 6.0 2.0
14 10 4 0.0 2.0 1.0 3.0 5.0 6.0 7.0 4.0
14 11 3 1.0 0.0 5.0 7.0 3.0 4.0 6.0 2.0
15 9 6 4.0 3.0 0.0 1.0 2.0 6.0 7.0 5.0
15 9 6 6.0 1.0 5.0 4.0 2.0 0.0 7.0 3.0
15 8 7 7.0 3.0 1.0 2.0 0.0 6.0 5.0 4.0
15 8 7 3.0 6.0 1.0 0.0 4.0 5.0 7.0 2.0
15 9 6 2.0 0.0 5.0 4.0 3.0 1.0 6.0 7.0
15 10 5 4.0 3.0 5.0 2.0 0.0 1.0 6.0 7.0
15 10 5 4.0 3.0 5.0 6.0 2.0 1.0 0.0 7.0
15 11 4 4.0 3.0 0.0 7.0 2.0 1.0 6.0 5.0
15 10 5 7.0 3.0 5.0 4.0 0.0 1.0 6.0 2.0
15 9 6 6.0 1.0 5.0 4.0 3.0 0.0 7.0 2.0
15 9 6 0.0 1.0 5.0 4.0 7.0 2.0 6.0 3.0
15 7 8 3.0 6.0 4.0 2.0 0.0 5.0 1.0 7.0
15 9 6 6.0 3.0 0.0 4.0 2.0 5.0 7.0 1.0
15 8 7 2.0 3.0 1.0 5.0 4.0 6.0 0.0 7.0
14 10 5 2.0 3.0 1.0 5.0 4.0 6.0 7.0 0.0
15 9 6 2.0 3.0 0.0 7.0 4.0 6.0 5.0 1.0
15 8 7 3.0 0.0 4.0 2.0 1.0 6.0 5.0 7.0
15 9 6 0.0 1.0 4.0 5.0 2.0 6.0 7.0 3.0
15 8 7 3.0 0.0 4.0 7.0 1.0 6.0 5.0 2.0
15 8 7 3.0 1.0 4.0 0.0 7.0 6.0 5.0 2.0
15 8 7 7.0 1.0 4.0 0.0 2.0 6.0 5.0 3.0
15 9 6 6.0 1.0 4.0 7.0 2.0 0.0 5.0 3.0
15 10 5 6.0 3.0 1.0 7.0 2.0 0.0 5.0 4.0
15 9 6 7.0 0.0 1.0 4.0 3.0 6.0 5.0 2.0
15 8 7 4.0 6.0 1.0 0.0 2.0 5.0 7.0 3.0
15 9 6 5.0 6.0 1.0 4.0 2.0 0.0 7.0 3.0
15 8 7 2.0 3.0 1.0 5.0 7.0 6.0 0.0 4.0
15 8 7 6.0 3.0 1.0 0.0 4.0 2.0 5.0 7.0
14 9 5 6.0 3.0 1.0 7.0 4.0 2.0 5.0 0.0
15 9 6 6.0 1.0 5.0 3.0 2.0 0.0 7.0 4.0
15 7 8 7.0 6.0 1.0 0.0 3.0 2.0 5.0 4.0
15 8 7 7.0 6.0 1.0 4.0 0.0 2.0 5.0 3.0
15 9 6 3.0 0.0 4.0 7.0 1.0 2.0 6.0 5.0
15 10 5 4.0 3.0 5.0 0.0 1.0 2.0 6.0 7.0
14 12 3 4.0 3.0 5.0 7.0 1.0 2.0 6.0 0.0
15 10 5 2.0 0.0 5.0 4.0 1.0 6.0 7.0 3.0
15 8 7 2.0 0.0 4.0 3.0 1.0 6.0 5.0 7.0
15 8 7 4.0 6.0 1.0 0.0 3.0 5.0 7.0 2.0
15 9 6 5.0 6.0 1.0 4.0 3.0 0.0 7.0 2.0
15 9 6 3.0 5.0 4.0 7.0 0.0 1.0 6.0 2.0
15 10 5 0.0 5.0 4.0 7.0 2.0 1.0 6.0 3.0
15 10 5 3.0 5.0 0.0 7.0 2.0 1.0 6.0 4.0
15 9 6 2.0 3.0 5.0 4.0 7.0 1.0 0.0 6.0
15 10 5 6.0 2.0 0.0 4.0 3.0 5.0 7.0 1.0
15 10 5 0.0 2.0 1.0 4.0 3.0 5.0 7.0 6.0
15 10 5 4.0 3.0 1.0 0.0 5.0 6.0 7.0 2.0
15 9 6 4.0 3.0 1.0 5.0 0.0 6.0 7.0 2.0
15 9 6 3.0 2.0 1.0 4.0 6.0 5.0 0.0 7.0
14 10 4 3.0 2.0 1.0 4.0 6.0 5.0 7.0 0.0
15 9 6 7.0 3.0 1.0 0.0 2.0 6.0 4.0 5.0
15 10 5 6.0 3.0 1.0 7.0 2.0 0.0 4.0 5.0
15 12 3 1.0 2.0 0.0 4.0 3.0 6.0 7.0 5.0
15 10 5 4.0 2.0 3.0 0.0 7.0 6.0 1.0 5.0
15 9 6 4.0 2.0 3.0 0.0 6.0 5.0 1.0 7.0
15 10 5 5.0 2.0 3.0 4.0 6.0 0.0 1.0 7.0
15 10 5 1.0 4.0 5.0 3.0 0.0 6.0 7.0 2.0
15 7 8 0.0 6.0 1.0 3.0 4.0 2.0 5.0 7.0
15 8 7 3.0 6.0 1.0 7.0 0.0 2.0 5.0 4.0
15 8 7 2.0 3.0 4.0 0.0 7.0 6.0 5.0 1.0
15 8 7 3.0 1.0 5.0 2.0 6.0 0.0 7.0 4.0
15 9 6 3.0 6.0 5.0 4.0 1.0 0.0 7.0 2.0
15 8 7 3.0 5.0 0.0 4.0 1.0 2.0 6.0 7.0
15 8 7 3.0 1.0 0.0 5.0 4.0 2.0 6.0 7.0
15 9 6 0.0 1.0 5.0 3.0 4.0 2.0 6.0 7.0
15 9 6 3.0 1.0 5.0 7.0 4.0 2.0 0.0 6.0
15 8 7 4.0 6.0 1.0 7.0 0.0 2.0 5.0 3.0
15 7 8 0.0 6.0 1.0 3.0 7.0 2.0 5.0 4.0
15 9 6 0.0 1.0 4.0 3.0 2.0 6.0 7.0 5.0
15 8 7 7.0 1.0 4.0 3.0 2.0 6.0 0.0 5.0
15 9 6 4.0 6.0 1.0 3.0 2.0 5.0 7.0 0.0
15 8 7 3.0 5.0 6.0 0.0 2.0 1.0 7.0 4.0
15 9 6 3.0 5.0 6.0 4.0 0.0 1.0 7.0 2.0
15 9 6 4.0 0.0 3.0 5.0 2.0 1.0 6.0 7.0
15 9 6 4.0 3.0 6.0 5.0 2.0 1.0 0.0 7.0
15 10 5 4.0 3.0 0.0 7.0 2.0 1.0 5.0 6.0
15 10 5 0.0 1.0 5.0 4.0 2.0 3.0 6.0 7.0
15 10 5 1.0 5.0 0.0 4.0 2.0 3.0 6.0 7.0
15 10 5 1.0 3.0 0.0 4.0 2.0 6.0 5.0 7.0
15 10 5 7.0 3.0 0.0 5.0 2.0 1.0 6.0 4.0
15 8 7 0.0 3.0 1.0 2.0 6.0 5.0 7.0 4.0
15 9 6 2.0 3.0 1.0 7.0 6.0 5.0 0.0 4.0
15 8 7 4.0 1.0 0.0 5.0 3.0 2.0 6.0 7.0
15 9 6 4.0 1.0 5.0 7.0 3.0 2.0 0.0 6.0
15 10 5 4.0 1.0 5.0 7.0 0.0 2.0 6.0 3.0
15 9 6 7.0 1.0 5.0 0.0 3.0 2.0 6.0 4.0
15 8 7 3.0 1.0 0.0 5.0 7.0 2.0 6.0 4.0
15 9 6 0.0 1.0 5.0 3.0 7.0 2.0 6.0 4.0
15 8 7 0.0 1.0 7.0 3.0 2.0 6.0 4.0 5.0
15 9 6 0.0 3.0 7.0 4.0 2.0 6.0 1.0 5.0
15 7 8 2.0 6.0 4.0 3.0 0.0 5.0 1.0 7.0
15 9 6 7.0 6.0 4.0 3.0 2.0 5.0 1.0 0.0
15 10 5 7.0 2.0 1.0 4.0 3.0 6.0 0.0 5.0
15 9 6 0.0 3.0 1.0 6.0 2.0 5.0 7.0 4.0
15 10 5 6.0 3.0 1.0 7.0 2.0 5.0 0.0 4.0
15 9 6 1.0 6.0 5.0 4.0 3.0 7.0 0.0 2.0
15 9 6 7.0 2.0 1.0 4.0 6.0 3.0 0.0 5.0
15 9 6 7.0 3.0 6.0 4.0 2.0 5.0 0.0 1.0
15 9 6 7.0 3.0 6.0 0.0 2.0 5.0 1.0 4.0
15 11 4 1.0 3.0 4.0 7.0 0.0 2.0 6.0 5.0
15 11 4 1.0 0.0 4.0 7.0 2.0 3.0 6.0 5.0
15 11 4 1.0 3.0 4.0 7.0 2.0 6.0 0.0 5.0
15 9 6 7.0 1.0 4.0 2.0 3.0 6.0 5.0 0.0
15 8 7 3.0 1.0 4.0 2.0 7.0 6.0 0.0 5.0
15 8 7 7.0 1.0 4.0 0.0 3.0 6.0 5.0 2.0
15 8 7 4.0 0.0 1.0 7.0 6.0 3.0 5.0 2.0
15 7 8 3.0 1.0 4.0 0.0 6.0 2.0 5.0 7.0
14 8 6 3.0 1.0 4.0 7.0 6.0 2.0 5.0 0.0
15 8 7 4.0 3.0 1.0 0.0 6.0 2.0 5.0 7.0
14 9 5 4.0 3.0 1.0 7.0 6.0 2.0 5.0 0.0
15 9 6 7.0 3.0 1.0 4.0 6.0 2.0 5.0 0.0
15 8 7 6.0 3.0 1.0 0.0 7.0 2.0 5.0 4.0
15 8 7 6.0 3.0 1.0 4.0 7.0 2.0 0.0 5.0
15 8 7 4.0 6.0 1.0 0.0 2.0 3.0 5.0 7.0
14 9 5 4.0 6.0 1.0 7.0 2.0 3.0 5.0 0.0
15 9 6 7.0 6.0 1.0 4.0 2.0 3.0 5.0 0.0
15 8 7 2.0 1.0 5.0 3.0 6.0 0.0 7.0 4.0
15 7 8 3.0 6.0 4.0 0.0 7.0 2.0 1.0 5.0
15 10 5 5.0 1.0 4.0 7.0 3.0 2.0 6.0 0.0
15 9 6 3.0 0.0 1.0 7.0 4.0 2.0 6.0 5.0
15 11 4 5.0 3.0 1.0 7.0 4.0 2.0 6.0 0.0
15 9 6 4.0 1.0 6.0 7.0 2.0 3.0 0.0 5.0
15 9 6 4.0 1.0 7.0 0.0 2.0 3.0 6.0 5.0
15 9 6 2.0 4.0 1.0 7.0 0.0 3.0 6.0 5.0
15 11 4 5.0 4.0 1.0 7.0 2.0 3.0 6.0 0.0
15 9 6 3.0 0.0 5.0 1.0 4.0 2.0 6.0 7.0
15 11 4 7.0 3.0 5.0 1.0 4.0 2.0 6.0 0.0
15 10 5 4.0 3.0 5.0 0.0 7.0 2.0 6.0 1.0
15 9 6 2.0 4.0 5.0 1.0 0.0 3.0 6.0 7.0
15 11 4 7.0 4.0 5.0 1.0 2.0 3.0 6.0 0.0
15 11 4 5.0 3.0 1.0 4.0 2.0 6.0 7.0 0.0
15 8 7 2.0 1.0 4.0 0.0 7.0 6.0 5.0 3.0
15 8 7 2.0 1.0 4.0 3.0 7.0 6.0 0.0 5.0
15 8 7 7.0 6.0 3.0 1.0 2.0 0.0 5.0 4.0
15 9 6 0.0 3.0 4.0 6.0 2.0 5.0 1.0 7.0
15 9 6 5.0 3.0 1.0 0.0 2.0 6.0 7.0 4.0
15 8 7 2.0 1.0 5.0 0.0 6.0 3.0 7.0 4.0
15 9 6 2.0 1.0 5.0 4.0 0.0 3.0 7.0 6.0
15 8 7 0.0 3.0 4.0 2.0 6.0 5.0 1.0 7.0
15 9 6 2.0 3.0 4.0 7.0 0.0 5.0 1.0 6.0
15 8 7 3.0 6.0 1.0 7.0 0.0 2.0 4.0 5.0
15 8 7 2.0 4.0 3.0 1.0 6.0 0.0 5.0 7.0
15 8 7 6.0 1.0 5.0 0.0 3.0 2.0 7.0 4.0
15 9 6 6.0 1.0 5.0 4.0 0.0 2.0 7.0 3.0
15 8 7 3.0 6.0 7.0 0.0 2.0 5.0 4.0 1.0
15 8 7 3.0 6.0 4.0 7.0 0.0 2.0 5.0 1.0
15 9 6 3.0 0.0 6.0 4.0 5.0 2.0 1.0 7.0
15 10 5 3.0 2.0 1.0 4.0 7.0 6.0 0.0 5.0
15 9 6 6.0 2.0 1.0 4.0 7.0 3.0 0.0 5.0
15 9 6 0.0 2.0 5.0 4.0 1.0 3.0 6.0 7.0
15 8 7 6.0 0.0 2.0 4.0 3.0 5.0 1.0 7.0
15 8 7 6.0 2.0 4.0 0.0 3.0 5.0 1.0 7.0
15 9 6 1.0 4.0 7.0 0.0 2.0 6.0 5.0 3.0
15 9 6 1.0 6.0 4.0 7.0 0.0 2.0 5.0 3.0
15 9 6 1.0 5.0 7.0 3.0 2.0 6.0 0.0 4.0
15 9 6 1.0 6.0 5.0 3.0 0.0 2.0 7.0 4.0
15 11 4 5.0 7.0 3.0 4.0 2.0 6.0 1.0 0.0
15 10 5 1.0 4.0 3.0 7.0 2.0 6.0 0.0 5.0
15 10 5 1.0 0.0 2.0 4.0 3.0 6.0 5.0 7.0
15 10 5 1.0 2.0 4.0 0.0 3.0 6.0 5.0 7.0
15 10 5 7.0 2.0 3.0 4.0 6.0 0.0 1.0 5.0
15 9 6 7.0 6.0 3.0 4.0 2.0 0.0 5.0 1.0
15 9 6 2.0 6.0 3.0 4.0 7.0 0.0 5.0 1.0
15 11 4 7.0 3.0 5.0 4.0 1.0 2.0 6.0 0.0
15 11 4 1.0 3.0 5.0 0.0 2.0 6.0 7.0 4.0
15 8 7 3.0 1.0 7.0 5.0 0.0 2.0 6.0 4.0
15 9 6 2.0 3.0 1.0 4.0 5.0 7.0 0.0 6.0
15 9 6 4.0 3.0 7.0 5.0 2.0 6.0 0.0 1.0
15 8 7 2.0 6.0 3.0 1.0 4.0 0.0 5.0 7.0
15 9 6 2.0 0.0 1.0 7.0 4.0 3.0 6.0 5.0
15 8 7 1.0 6.0 4.0 2.0 3.0 0.0 5.0 7.0
15 9 6 2.0 6.0 1.0 4.0 5.0 7.0 0.0 3.0
15 8 7 2.0 6.0 3.0 1.0 7.0 0.0 5.0 4.0
15 9 6 7.0 3.0 4.0 5.0 2.0 6.0 0.0 1.0
15 8 7 2.0 3.0 6.0 1.0 0.0 5.0 7.0 4.0
15 10 5 4.0 3.0 6.0 1.0 2.0 5.0 7.0 0.0
15 9 6 3.0 0.0 1.0 4.0 2.0 7.0 6.0 5.0
15 10 5 4.0 3.0 1.0 0.0 2.0 7.0 6.0 5.0
15 11 4 5.0 3.0 1.0 4.0 2.0 7.0 6.0 0.0
15 9 6 1.0 6.0 4.0 0.0 2.0 5.0 7.0 3.0
15 11 5 5.0 3.0 4.0 0.0 2.0 1.0 6.0 7.0
15 9 6 2.0 3.0 4.0 5.0 0.0 1.0 6.0 7.0
15 11 4 1.0 3.0 4.0 5.0 2.0 0.0 6.0 7.0
15 11 4 1.0 5.0 3.0 4.0 2.0 6.0 0.0 7.0
15 12 3 1.0 5.0 3.0 4.0 0.0 6.0 7.0 2.0
15 11 4 2.0 0.0 3.0 4.0 5.0 6.0 1.0 7.0
15 12 3 7.0 2.0 3.0 4.0 5.0 6.0 0.0 1.0
15 10 5 6.0 0.0 3.0 4.0 5.0 2.0 1.0 7.0
15 10 5 7.0 3.0 5.0 0.0 2.0 6.0 1.0 4.0
15 10 5 7.0 3.0 5.0 4.0 0.0 2.0 6.0 1.0
15 10 5 7.0 0.0 5.0 4.0 2.0 3.0 6.0 1.0
15 11 4 7.0 2.0 3.0 1.0 4.0 6.0 5.0 0.0
15 9 6 2.0 3.0 5.0 0.0 4.0 6.0 7.0 1.0
15 11 4 4.0 2.0 3.0 1.0 7.0 6.0 5.0 0.0
15 9 6 2.0 3.0 5.0 0.0 7.0 6.0 4.0 1.0
15 9 6 2.0 0.0 5.0 1.0 7.0 3.0 6.0 4.0
15 9 6 6.0 1.0 5.0 0.0 2.0 3.0 7.0 4.0
15 11 4 1.0 4.0 5.0 7.0 0.0 2.0 6.0 3.0
15 11 4 3.0 0.0 1.0 7.0 2.0 4.0 6.0 5.0
15 13 2 5.0 3.0 1.0 7.0 2.0 4.0 6.0 0.0
15 11 4 5.0 2.0 1.0 4.0 0.0 6.0 7.0 3.0
15 13 2 3.0 2.0 1.0 4.0 5.0 6.0 7.0 0.0
15 12 3 0.0 1.0 5.0 7.0 2.0 4.0 6.0 3.0
15 12 3 1.0 5.0 0.0 7.0 2.0 4.0 6.0 3.0
15 9 6 3.0 1.0 0.0 5.0 4.0 6.0 7.0 2.0
15 8 7 3.0 6.0 5.0 4.0 7.0 2.0 0.0 1.0
15 8 7 3.0 0.0 6.0 4.0 7.0 2.0 5.0 1.0
15 8 7 6.0 0.0 1.0 4.0 7.0 2.0 5.0 3.0
15 11 6 0.0 3.0 5.0 1.0 4.0 6.0 7.0 2.0
15 9 6 4.0 3.0 5.0 1.0 6.0 0.0 7.0 2.0
15 9 6 4.0 1.0 0.0 5.0 2.0 6.0 7.0 3.0
15 8 7 6.0 0.0 4.0 3.0 2.0 1.0 5.0 7.0
15 8 7 6.0 1.0 4.0 3.0 2.0 5.0 0.0 7.0
15 11 6 7.0 3.0 0.0 5.0 2.0 6.0 1.0 4.0
15 8 7 0.0 6.0 1.0 2.0 3.0 5.0 7.0 4.0
15 9 6 3.0 6.0 1.0 2.0 4.0 5.0 7.0 0.0
15 9 6 3.0 1.0 0.0 4.0 6.0 5.0 7.0 2.0
15 9 6 3.0 5.0 1.0 4.0 6.0 0.0 7.0 2.0
15 13 4 0.0 3.0 5.0 7.0 4.0 1.0 6.0 2.0
15 11 4 4.0 3.0 5.0 7.0 1.0 0.0 6.0 2.0
15 10 5 7.0 3.0 5.0 4.0 2.0 0.0 1.0 6.0
15 9 6 4.0 1.0 0.0 5.0 3.0 6.0 7.0 2.0
15 9 6 2.0 1.0 5.0 4.0 0.0 3.0 6.0 7.0
15 8 7 3.0 1.0 5.0 4.0 7.0 0.0 2.0 6.0
15 8 7 3.0 1.0 0.0 4.0 7.0 2.0 5.0 6.0
15 10 7 3.0 6.0 0.0 1.0 2.0 5.0 4.0 7.0
15 8 7 3.0 6.0 4.0 1.0 2.0 0.0 5.0 7.0
15 8 7 0.0 6.0 4.0 7.0 3.0 5.0 1.0 2.0
15 8 7 3.0 6.0 4.0 7.0 5.0 0.0 1.0 2.0
15 9 6 6.0 0.0 4.0 7.0 2.0 5.0 1.0 3.0
15 9 6 3.0 0.0 6.0 7.0 2.0 5.0 1.0 4.0
15 9 6 4.0 2.0 0.0 1.0 3.0 6.0 5.0 7.0
15 8 7 4.0 2.0 0.0 1.0 6.0 3.0 5.0 7.0
15 9 6 5.0 3.0 6.0 4.0 2.0 1.0 0.0 7.0
15 11 5 7.0 3.0 0.0 4.0 2.0 1.0 6.0 5.0
15 8 7 3.0 0.0 1.0 2.0 4.0 6.0 5.0 7.0
15 9 6 2.0 3.0 1.0 7.0 6.0 0.0 5.0 4.0
15 7 8 3.0 0.0 4.0 2.0 6.0 1.0 5.0 7.0
15 7 8 3.0 1.0 4.0 2.0 6.0 5.0 0.0 7.0
14 8 6 3.0 1.0 4.0 2.0 6.0 5.0 7.0 0.0
15 9 6 0.0 1.0 4.0 5.0 3.0 6.0 7.0 2.0
15 8 7 2.0 1.0 4.0 7.0 6.0 0.0 5.0 3.0
15 12 6 0.0 4.0 3.0 7.0 2.0 6.0 5.0 1.0
15 9 6 4.0 6.0 3.0 7.0 2.0 0.0 5.0 1.0
15 8 7 7.0 0.0 1.0 4.0 6.0 3.0 5.0 2.0
15 8 7 7.0 3.0 1.0 4.0 6.0 5.0 0.0 2.0
15 8 7 3.0 6.0 7.0 4.0 2.0 0.0 5.0 1.0
15 8 7 3.0 0.0 1.0 2.0 7.0 6.0 5.0 4.0
15 8 7 3.0 1.0 0.0 4.0 6.0 7.0 5.0 2.0
15 8 7 7.0 6.0 0.0 4.0 3.0 2.0 1.0 5.0
15 8 7 7.0 6.0 1.0 4.0 3.0 0.0 2.0 5.0
15 9 6 4.0 5.0 1.0 0.0 2.0 3.0 6.0 7.0
14 10 4 4.0 5.0 1.0 7.0 2.0 3.0 6.0 0.0
15 10 5 2.0 3.0 5.0 4.0 0.0 6.0 7.0 1.0
15 10 5 3.0 0.0 5.0 4.0 2.0 6.0 7.0 1.0
15 9 6 2.0 0.0 5.0 4.0 6.0 1.0 7.0 3.0
15 9 6 3.0 6.0 1.0 4.0 0.0 2.0 7.0 5.0
15 7 8 2.0 0.0 4.0 3.0 6.0 1.0 5.0 7.0
15 7 8 2.0 1.0 4.0 3.0 6.0 5.0 0.0 7.0
14 8 6 2.0 1.0 4.0 3.0 6.0 5.0 7.0 0.0
15 8 7 2.0 1.0 0.0 4.0 7.0 3.0 6.0 5.0
15 9 6 5.0 0.0 4.0 3.0 2.0 1.0 6.0 7.0
15 9 6 3.0 5.0 4.0 7.0 2.0 0.0 1.0 6.0
15 9 6 3.0 5.0 0.0 7.0 2.0 1.0 4.0 6.0
15 9 6 2.0 3.0 0.0 4.0 1.0 6.0 5.0 7.0
15 8 7 3.0 6.0 1.0 5.0 0.0 2.0 7.0 4.0
15 8 7 3.0 6.0 1.0 5.0 2.0 7.0 0.0 4.0
15 8 7 2.0 1.0 4.0 7.0 6.0 3.0 0.0 5.0
15 8 7 6.0 1.0 4.0 7.0 3.0 2.0 0.0 5.0
15 9 6 3.0 4.0 6.0 7.0 2.0 0.0 1.0 5.0
15 10 5 1.0 5.0 7.0 4.0 2.0 0.0 6.0 3.0
15 9 6 1.0 6.0 4.0 3.0 7.0 2.0 5.0 0.0
15 9 6 6.0 2.0 0.0 1.0 3.0 5.0 7.0 4.0
15 10 5 0.0 2.0 1.0 4.0 6.0 5.0 7.0 3.0
15 8 7 0.0 1.0 4.0 5.0 3.0 2.0 6.0 7.0
15 9 6 3.0 1.0 4.0 5.0 7.0 2.0 6.0 0.0
15 9 6 0.0 3.0 1.0 5.0 4.0 2.0 6.0 7.0
15 10 5 4.0 3.0 1.0 5.0 7.0 2.0 6.0 0.0
15 9 6 4.0 1.0 0.0 5.0 2.0 3.0 6.0 7.0
15 9 6 0.0 4.0 1.0 5.0 2.0 3.0 6.0 7.0
15 11 5 0.0 1.0 5.0 7.0 3.0 2.0 6.0 4.0
15 9 6 7.0 6.0 3.0 4.0 2.0 1.0 0.0 5.0
15 9 6 7.0 6.0 3.0 4.0 0.0 2.0 1.0 5.0
15 9 6 2.0 6.0 3.0 4.0 7.0 1.0 0.0 5.0
15 9 6 2.0 6.0 3.0 4.0 0.0 7.0 1.0 5.0
15 9 6 2.0 3.0 1.0 7.0 6.0 0.0 4.0 5.0
15 10 5 2.0 3.0 1.0 7.0 5.0 6.0 4.0 0.0
15 11 4 1.0 2.0 0.0 5.0 3.0 6.0 7.0 4.0
15 11 4 0.0 3.0 5.0 7.0 4.0 2.0 6.0 1.0
15 11 4 0.0 4.0 5.0 7.0 2.0 3.0 6.0 1.0
15 11 4 0.0 3.0 5.0 7.0 2.0 6.0 4.0 1.0
15 12 5 0.0 3.0 5.0 1.0 7.0 2.0 6.0 4.0
15 10 5 0.0 7.0 5.0 1.0 2.0 3.0 6.0 4.0
15 11 4 1.0 4.0 5.0 3.0 7.0 2.0 6.0 0.0
15 10 5 1.0 4.0 0.0 5.0 2.0 6.0 7.0 3.0
15 11 4 1.0 5.0 3.0 0.0 2.0 4.0 6.0 7.0
14 12 2 1.0 5.0 3.0 7.0 2.0 4.0 6.0 0.0
15 8 7 4.0 3.0 1.0 2.0 6.0 5.0 0.0 7.0
15 7 8 3.0 0.0 6.0 1.0 4.0 2.0 5.0 7.0
15 8 7 3.0 6.0 0.0 7.0 4.0 2.0 1.0 5.0
15 8 7 3.0 6.0 1.0 7.0 4.0 0.0 2.0 5.0
15 9 6 3.0 1.0 0.0 4.0 7.0 6.0 5.0 2.0
15 9 6 3.0 2.0 5.0 4.0 0.0 1.0 6.0 7.0
15 7 8 4.0 0.0 6.0 1.0 3.0 2.0 5.0 7.0
15 8 7 4.0 6.0 0.0 7.0 3.0 2.0 1.0 5.0
15 8 7 4.0 6.0 1.0 7.0 3.0 0.0 2.0 5.0
15 9 6 2.0 6.0 1.0 4.0 7.0 3.0 5.0 0.0
15 8 7 2.0 6.0 0.0 4.0 3.0 5.0 1.0 7.0
15 7 8 3.0 0.0 6.0 1.0 7.0 2.0 5.0 4.0
15 9 6 3.0 0.0 7.0 4.0 2.0 1.0 6.0 5.0
15 9 6 2.0 6.0 1.0 3.0 4.0 5.0 7.0 0.0
15 8 7 6.0 1.0 0.0 3.0 2.0 5.0 7.0 4.0
15 8 7 6.0 5.0 1.0 3.0 2.0 0.0 7.0 4.0
15 8 7 2.0 3.0 7.0 1.0 6.0 5.0 0.0 4.0
15 8 7 0.0 6.0 3.0 1.0 4.0 2.0 5.0 7.0
15 9 6 4.0 6.0 3.0 1.0 7.0 2.0 5.0 0.0
15 8 7 4.0 6.0 0.0 1.0 2.0 5.0 3.0 7.0
15 9 6 4.0 6.0 3.0 0.0 2.0 5.0 7.0 1.0
15 9 6 2.0 4.0 3.0 7.0 0.0 6.0 1.0 5.0
15 9 6 4.0 6.0 3.0 7.0 2.0 1.0 0.0 5.0
15 8 7 6.0 4.0 0.0 3.0 2.0 5.0 1.0 7.0
15 8 7 6.0 5.0 4.0 3.0 2.0 0.0 1.0 7.0
15 11 4 1.0 6.0 5.0 4.0 3.0 2.0 7.0 0.0
15 9 6 7.0 1.0 4.0 0.0 2.0 3.0 6.0 5.0
15 9 6 3.0 0.0 6.0 4.0 5.0 7.0 1.0 2.0
15 9 6 6.0 0.0 3.0 1.0 2.0 5.0 7.0 4.0
15 9 6 6.0 3.0 7.0 1.0 2.0 5.0 0.0 4.0
15 11 4 1.0 6.0 5.0 4.0 2.0 3.0 7.0 0.0
15 9 6 1.0 5.0 6.0 4.0 3.0 0.0 2.0 7.0
15 9 6 4.0 3.0 1.0 6.0 2.0 5.0 0.0 7.0
15 10 5 4.0 3.0 6.0 7.0 2.0 0.0 5.0 1.0
15 9 6 2.0 0.0 3.0 7.0 4.0 6.0 1.0 5.0
15 8 7 3.0 6.0 1.0 5.0 2.0 0.0 4.0 7.0
15 8 7 3.0 4.0 0.0 7.0 6.0 1.0 5.0 2.0
15 8 7 3.0 1.0 0.0 7.0 6.0 5.0 4.0 2.0
15 9 6 0.0 4.0 3.0 5.0 2.0 6.0 1.0 7.0
15 9 6 4.0 3.0 0.0 7.0 6.0 5.0 1.0 2.0
15 8 7 3.0 1.0 5.0 4.0 6.0 0.0 2.0 7.0
15 9 6 2.0 3.0 6.0 4.0 0.0 5.0 7.0 1.0
15 9 6 3.0 5.0 6.0 4.0 0.0 2.0 7.0 1.0
15 9 6 6.0 5.0 1.0 4.0 0.0 2.0 7.0 3.0
15 9 6 6.0 1.0 4.0 7.0 2.0 3.0 0.0 5.0
15 9 6 6.0 3.0 5.0 4.0 0.0 1.0 7.0 2.0
15 8 7 0.0 3.0 6.0 4.0 7.0 2.0 1.0 5.0
15 8 7 0.0 6.0 1.0 4.0 3.0 7.0 2.0 5.0
15 13 2 1.0 3.0 5.0 7.0 4.0 2.0 6.0 0.0
15 9 6 2.0 7.0 3.0 1.0 0.0 6.0 5.0 4.0
15 10 5 1.0 7.0 3.0 0.0 2.0 6.0 5.0 4.0
14 12 3 1.0 7.0 3.0 4.0 2.0 6.0 5.0 0.0
15 8 7 3.0 5.0 6.0 1.0 0.0 2.0 7.0 4.0
15 8 7 3.0 5.0 6.0 1.0 2.0 7.0 0.0 4.0
15 8 7 3.0 0.0 7.0 1.0 2.0 6.0 5.0 4.0
15 9 6 6.0 5.0 1.0 4.0 0.0 3.0 7.0 2.0
15 9 6 6.0 5.0 3.0 4.0 2.0 1.0 0.0 7.0
14 10 4 6.0 5.0 3.0 4.0 2.0 1.0 7.0 0.0
15 9 6 6.0 5.0 3.0 4.0 0.0 2.0 1.0 7.0
15 9 6 2.0 6.0 3.0 4.0 0.0 5.0 1.0 7.0
15 10 5 6.0 3.0 0.0 7.0 2.0 5.0 4.0 1.0
15 10 5 6.0 3.0 4.0 7.0 2.0 0.0 5.0 1.0
15 8 7 2.0 0.0 5.0 4.0 6.0 1.0 3.0 7.0
15 9 6 2.0 3.0 0.0 7.0 6.0 5.0 4.0 1.0
15 9 6 2.0 3.0 4.0 7.0 6.0 0.0 5.0 1.0
15 8 7 6.0 0.0 5.0 4.0 3.0 1.0 2.0 7.0
15 8 7 6.0 1.0 5.0 4.0 0.0 3.0 2.0 7.0
15 9 6 3.0 5.0 6.0 7.0 2.0 0.0 4.0 1.0
15 9 6 3.0 4.0 0.0 7.0 2.0 6.0 5.0 1.0
15 8 7 5.0 0.0 6.0 4.0 3.0 2.0 1.0 7.0
15 9 6 1.0 6.0 3.0 0.0 2.0 5.0 4.0 7.0
14 10 4 1.0 6.0 3.0 7.0 2.0 5.0 4.0 0.0
15 9 6 1.0 0.0 6.0 3.0 2.0 5.0 4.0 7.0
15 10 5 1.0 6.0 0.0 7.0 2.0 5.0 4.0 3.0
15 10 5 2.0 7.0 3.0 4.0 0.0 6.0 5.0 1.0
15 9 6 3.0 7.0 0.0 5.0 2.0 1.0 6.0 4.0
15 10 5 2.0 1.0 0.0 4.0 5.0 3.0 7.0 6.0
15 9 6 2.0 3.0 0.0 4.0 5.0 1.0 6.0 7.0
15 9 6 2.0 6.0 0.0 4.0 5.0 3.0 1.0 7.0
15 9 6 1.0 4.0 2.0 0.0 3.0 6.0 5.0 7.0
15 9 6 1.0 4.0 5.0 2.0 3.0 6.0 0.0 7.0
14 10 4 1.0 4.0 5.0 2.0 3.0 6.0 7.0 0.0
15 9 6 1.0 4.0 7.0 0.0 3.0 6.0 5.0 2.0
15 9 6 1.0 6.0 4.0 7.0 0.0 3.0 5.0 2.0
15 9 6 1.0 6.0 4.0 7.0 3.0 5.0 0.0 2.0
15 9 6 6.0 0.0 5.0 4.0 2.0 1.0 3.0 7.0
15 9 6 3.0 1.0 2.0 4.0 7.0 6.0 0.0 5.0
15 9 6 7.0 3.0 1.0 4.0 0.0 6.0 2.0 5.0
15 10 5 1.0 2.0 4.0 7.0 0.0 3.0 6.0 5.0
15 10 5 1.0 2.0 4.0 7.0 3.0 6.0 0.0 5.0
15 10 5 1.0 3.0 0.0 6.0 2.0 5.0 7.0 4.0
15 10 5 3.0 0.0 6.0 7.0 2.0 4.0 1.0 5.0
15 10 5 5.0 0.0 3.0 4.0 2.0 6.0 1.0 7.0
15 12 3 7.0 2.0 3.0 4.0 1.0 6.0 5.0 0.0
15 11 4 2.0 3.0 5.0 1.0 4.0 7.0 6.0 0.0
15 10 5 2.0 5.0 3.0 4.0 6.0 0.0 7.0 1.0
15 10 5 0.0 4.0 3.0 5.0 2.0 6.0 7.0 1.0
15 9 6 7.0 2.0 1.0 4.0 0.0 3.0 6.0 5.0
15 8 7 3.0 6.0 5.0 1.0 4.0 0.0 2.0 7.0
15 10 5 2.0 3.0 5.0 4.0 0.0 7.0 6.0 1.0
15 13 5 1.0 5.0 0.0 2.0 3.0 6.0 7.0 4.0
15 10 5 3.0 2.0 0.0 4.0 1.0 6.0 5.0 7.0
15 8 7 4.0 6.0 5.0 1.0 3.0 0.0 2.0 7.0
15 8 7 3.0 6.0 5.0 1.0 7.0 0.0 2.0 4.0
15 9 6 2.0 5.0 3.0 1.0 6.0 0.0 7.0 4.0
15 9 6 6.0 3.0 4.0 7.0 0.0 1.0 5.0 2.0
15 9 6 3.0 2.0 6.0 4.0 7.0 1.0 0.0 5.0
15 9 6 3.0 2.0 6.0 4.0 0.0 7.0 1.0 5.0
15 9 6 0.0 1.0 5.0 4.0 2.0 6.0 3.0 7.0
15 10 5 2.0 1.0 5.0 4.0 7.0 6.0 3.0 0.0
15 12 3 1.0 3.0 6.0 7.0 2.0 5.0 4.0 0.0
15 12 3 1.0 3.0 5.0 0.0 2.0 7.0 6.0 4.0
15 13 5 3.0 1.0 0.0 2.0 5.0 6.0 7.0 4.0
15 10 5 0.0 3.0 1.0 2.0 5.0 6.0 7.0 4.0
15 11 4 6.0 2.0 3.0 4.0 0.0 5.0 7.0 1.0
15 13 2 1.0 2.0 3.0 4.0 6.0 5.0 7.0 0.0
15 10 5 2.0 1.0 0.0 3.0 5.0 6.0 7.0 4.0
15 10 5 6.0 2.0 3.0 1.0 0.0 5.0 7.0 4.0
15 11 4 1.0 2.0 3.0 0.0 6.0 5.0 7.0 4.0
15 13 4 1.0 4.0 5.0 7.0 0.0 3.0 6.0 2.0
15 10 5 4.0 0.0 3.0 1.0 2.0 6.0 7.0 5.0
15 11 4 4.0 3.0 5.0 6.0 2.0 1.0 7.0 0.0
15 10 5 1.0 0.0 5.0 4.0 7.0 2.0 6.0 3.0
15 8 7 3.0 6.0 4.0 2.0 5.0 0.0 1.0 7.0
15 10 5 6.0 0.0 3.0 4.0 2.0 5.0 7.0 1.0
15 9 6 2.0 3.0 1.0 5.0 4.0 0.0 6.0 7.0
15 10 5 2.0 3.0 5.0 7.0 4.0 6.0 0.0 1.0
15 10 5 1.0 0.0 4.0 5.0 2.0 6.0 7.0 3.0
15 9 6 0.0 3.0 4.0 7.0 1.0 6.0 5.0 2.0
15 9 6 7.0 1.0 0.0 4.0 2.0 6.0 5.0 3.0
15 10 5 5.0 0.0 1.0 4.0 2.0 6.0 7.0 3.0
15 9 6 2.0 3.0 1.0 5.0 7.0 6.0 4.0 0.0
15 9 6 2.0 3.0 1.0 5.0 7.0 0.0 6.0 4.0
15 10 5 0.0 3.0 4.0 7.0 1.0 2.0 6.0 5.0
15 12 4 0.0 2.0 5.0 4.0 1.0 6.0 7.0 3.0
15 9 6 0.0 2.0 4.0 3.0 1.0 6.0 5.0 7.0
15 9 6 4.0 6.0 1.0 2.0 3.0 5.0 7.0 0.0
15 12 5 5.0 0.0 1.0 4.0 3.0 6.0 7.0 2.0
15 11 4 4.0 3.0 1.0 2.0 5.0 6.0 7.0 0.0
15 11 4 6.0 3.0 1.0 7.0 2.0 4.0 0.0 5.0
15 11 4 4.0 2.0 3.0 5.0 7.0 6.0 1.0 0.0
15 10 5 4.0 2.0 3.0 7.0 6.0 5.0 1.0 0.0
15 13 4 5.0 2.0 3.0 4.0 0.0 6.0 1.0 7.0
15 9 6 2.0 3.0 4.0 1.0 7.0 6.0 5.0 0.0
15 12 5 1.0 0.0 5.0 3.0 4.0 2.0 6.0 7.0
15 9 6 4.0 6.0 1.0 7.0 2.0 0.0 5.0 3.0
15 10 5 1.0 0.0 4.0 3.0 2.0 6.0 7.0 5.0
15 9 6 7.0 1.0 4.0 3.0 2.0 0.0 6.0 5.0
15 10 5 4.0 3.0 6.0 5.0 2.0 1.0 7.0 0.0
15 11 4 1.0 0.0 3.0 4.0 2.0 6.0 5.0 7.0
15 10 5 2.0 3.0 1.0 7.0 6.0 5.0 4.0 0.0
15 11 4 4.0 1.0 5.0 7.0 2.0 0.0 6.0 3.0
15 10 5 1.0 0.0 5.0 3.0 7.0 2.0 6.0 4.0
15 9 6 1.0 0.0 7.0 3.0 2.0 6.0 4.0 5.0
15 8 7 2.0 6.0 4.0 3.0 5.0 0.0 1.0 7.0
15 11 4 6.0 3.0 1.0 7.0 2.0 5.0 4.0 0.0
15 10 5 1.0 6.0 5.0 4.0 3.0 7.0 2.0 0.0
15 10 5 7.0 3.0 0.0 4.0 2.0 5.0 6.0 1.0
15 13 3 1.0 3.0 4.0 7.0 2.0 6.0 5.0 0.0
15 10 6 7.0 1.0 0.0 4.0 3.0 6.0 5.0 2.0
15 8 7 3.0 6.0 4.0 5.0 7.0 2.0 1.0 0.0
15 10 5 4.0 1.0 6.0 7.0 2.0 3.0 5.0 0.0
15 10 5 4.0 1.0 7.0 5.0 2.0 3.0 6.0 0.0
15 9 6 2.0 1.0 0.0 4.0 7.0 6.0 5.0 3.0
15 11 5 0.0 3.0 4.0 7.0 2.0 5.0 1.0 6.0
15 12 5 3.0 2.0 6.0 4.0 5.0 0.0 1.0 7.0
15 9 6 6.0 2.0 4.0 7.0 3.0 5.0 1.0 0.0
15 10 5 1.0 4.0 7.0 3.0 2.0 6.0 5.0 0.0
15 10 5 1.0 5.0 7.0 3.0 2.0 6.0 4.0 0.0
15 10 5 1.0 5.0 7.0 3.0 2.0 0.0 6.0 4.0
15 11 4 1.0 4.0 3.0 7.0 2.0 0.0 6.0 5.0
15 11 4 1.0 2.0 4.0 7.0 3.0 6.0 5.0 0.0
15 10 5 4.0 3.0 7.0 5.0 2.0 0.0 6.0 1.0
15 10 5 2.0 6.0 1.0 4.0 5.0 7.0 3.0 0.0
15 10 5 7.0 3.0 4.0 5.0 2.0 0.0 6.0 1.0
15 9 6 2.0 3.0 6.0 1.0 5.0 0.0 7.0 4.0
15 11 4 4.0 3.0 1.0 5.0 2.0 7.0 6.0 0.0
15 10 5 1.0 6.0 0.0 4.0 2.0 5.0 7.0 3.0
15 14 3 0.0 2.0 3.0 4.0 5.0 6.0 1.0 7.0
15 9 6 3.0 6.0 5.0 4.0 7.0 2.0 1.0 0.0
15 9 6 3.0 2.0 6.0 4.0 7.0 0.0 5.0 1.0
15 9 6 6.0 2.0 1.0 4.0 7.0 0.0 5.0 3.0
15 9 6 6.0 1.0 4.0 3.0 2.0 5.0 7.0 0.0
15 10 5 3.0 5.0 1.0 4.0 0.0 6.0 7.0 2.0
15 9 6 3.0 0.0 4.0 7.0 5.0 6.0 1.0 2.0
15 11 5 0.0 3.0 6.0 7.0 2.0 5.0 1.0 4.0
15 12 5 5.0 3.0 0.0 4.0 2.0 1.0 6.0 7.0
15 10 5 5.0 3.0 6.0 4.0 2.0 1.0 7.0 0.0
15 8 7 0.0 3.0 4.0 2.0 6.0 1.0 5.0 7.0
15 10 5 1.0 0.0 4.0 5.0 3.0 6.0 7.0 2.0
15 9 6 7.0 3.0 1.0 4.0 6.0 5.0 2.0 0.0
15 9 6 3.0 0.0 7.0 4.0 2.0 6.0 5.0 1.0
15 9 6 7.0 0.0 1.0 4.0 3.0 6.0 2.0 5.0
15 10 5 0.0 2.0 5.0 4.0 6.0 1.0 7.0 3.0
15 11 4 3.0 6.0 1.0 4.0 5.0 2.0 7.0 0.0
15 8 7 0.0 2.0 4.0 3.0 6.0 1.0 5.0 7.0
15 10 5 3.0 0.0 5.0 7.0 2.0 1.0 4.0 6.0
15 10 5 2.0 0.0 3.0 4.0 1.0 6.0 5.0 7.0
15 9 6 3.0 6.0 1.0 5.0 2.0 7.0 4.0 0.0
15 9 6 1.0 0.0 4.0 5.0 3.0 2.0 6.0 7.0
15 12 5 4.0 1.0 5.0 0.0 2.0 3.0 6.0 7.0
15 10 5 7.0 6.0 3.0 4.0 2.0 1.0 5.0 0.0
15 11 4 7.0 6.0 3.0 4.0 5.0 2.0 1.0 0.0
15 10 5 2.0 6.0 3.0 4.0 7.0 1.0 5.0 0.0
15 11 4 2.0 6.0 3.0 4.0 5.0 7.0 1.0 0.0
15 10 5 2.0 3.0 1.0 7.0 6.0 4.0 0.0 5.0
15 11 6 4.0 3.0 1.0 2.0 6.0 5.0 7.0 0.0
15 8 7 3.0 2.0 6.0 1.0 4.0 0.0 5.0 7.0
15 8 7 0.0 3.0 6.0 1.0 4.0 2.0 5.0 7.0
15 9 6 3.0 6.0 1.0 7.0 0.0 4.0 2.0 5.0
15 8 7 4.0 2.0 6.0 1.0 3.0 0.0 5.0 7.0
15 8 7 3.0 2.0 6.0 1.0 7.0 0.0 5.0 4.0
15 8 7 0.0 3.0 6.0 1.0 7.0 2.0 5.0 4.0
15 10 5 0.0 3.0 7.0 4.0 2.0 1.0 6.0 5.0
15 9 6 6.0 1.0 3.0 0.0 2.0 5.0 7.0 4.0
14 10 4 6.0 1.0 3.0 4.0 2.0 5.0 7.0 0.0
15 9 6 2.0 3.0 7.0 1.0 6.0 5.0 4.0 0.0
15 11 4 2.0 4.0 3.0 7.0 5.0 6.0 1.0 0.0
15 10 5 4.0 6.0 3.0 7.0 2.0 1.0 5.0 0.0
15 10 5 7.0 1.0 4.0 5.0 2.0 3.0 6.0 0.0
15 10 5 6.0 3.0 7.0 1.0 2.0 5.0 4.0 0.0
15 12 5 4.0 3.0 1.0 6.0 2.0 5.0 7.0 0.0
15 10 5 0.0 2.0 3.0 7.0 4.0 6.0 1.0 5.0
15 9 6 3.0 6.0 1.0 5.0 2.0 4.0 0.0 7.0
15 9 6 3.0 4.0 5.0 7.0 6.0 1.0 0.0 2.0
15 9 6 3.0 1.0 5.0 4.0 0.0 6.0 2.0 7.0
15 10 5 2.0 3.0 6.0 4.0 5.0 0.0 7.0 1.0
15 11 4 6.0 3.0 5.0 4.0 2.0 1.0 7.0 0.0
15 9 6 3.0 5.0 6.0 1.0 2.0 7.0 4.0 0.0
15 9 6 3.0 5.0 0.0 1.0 2.0 7.0 6.0 4.0
15 12 6 0.0 3.0 7.0 1.0 2.0 6.0 5.0 4.0
15 12 5 2.0 6.0 3.0 4.0 5.0 0.0 1.0 7.0
15 9 6 0.0 2.0 5.0 4.0 6.0 1.0 3.0 7.0
15 10 5 3.0 5.0 6.0 7.0 2.0 4.0 0.0 1.0
15 10 5 3.0 4.0 5.0 7.0 2.0 6.0 0.0 1.0
15 9 6 5.0 2.0 6.0 4.0 3.0 0.0 1.0 7.0
15 10 5 3.0 7.0 5.0 0.0 2.0 1.0 6.0 4.0
15 10 5 2.0 0.0 3.0 4.0 5.0 1.0 6.0 7.0
15 10 5 1.0 4.0 2.0 7.0 3.0 6.0 5.0 0.0
15 10 5 1.0 4.0 5.0 2.0 3.0 0.0 6.0 7.0
15 10 5 1.0 4.0 7.0 2.0 3.0 6.0 5.0 0.0
15 11 4 1.0 6.0 4.0 7.0 2.0 3.0 5.0 0.0
15 10 5 1.0 6.0 4.0 7.0 3.0 5.0 2.0 0.0
15 10 5 3.0 1.0 2.0 4.0 7.0 6.0 5.0 0.0
15 11 4 7.0 3.0 1.0 4.0 5.0 6.0 2.0 0.0
15 11 4 0.0 3.0 6.0 7.0 2.0 4.0 1.0 5.0
15 11 4 2.0 5.0 3.0 4.0 0.0 6.0 7.0 1.0
15 11 4 7.0 2.0 1.0 4.0 5.0 3.0 6.0 0.0
15 9 6 3.0 6.0 5.0 1.0 0.0 4.0 2.0 7.0
15 11 4 0.0 3.0 5.0 4.0 2.0 7.0 6.0 1.0
15 10 5 2.0 5.0 3.0 1.0 0.0 6.0 7.0 4.0
15 11 4 6.0 3.0 4.0 7.0 2.0 1.0 5.0 0.0
15 10 5 3.0 2.0 6.0 4.0 7.0 1.0 5.0 0.0
15 11 4 3.0 2.0 6.0 4.0 5.0 7.0 1.0 0.0
15 10 5 1.0 0.0 5.0 4.0 2.0 6.0 3.0 7.0
15 13 2 1.0 3.0 5.0 4.0 2.0 7.0 6.0 0.0
15 12 3 6.0 2.0 3.0 4.0 5.0 0.0 7.0 1.0
15 11 4 2.0 1.0 3.0 0.0 5.0 6.0 7.0 4.0
14 12 2 2.0 1.0 3.0 4.0 5.0 6.0 7.0 0.0
15 11 4 6.0 2.0 3.0 1.0 5.0 0.0 7.0 4.0
15 9 6 3.0 0.0 4.0 2.0 5.0 6.0 1.0 7.0
15 10 5 2.0 3.0 1.0 5.0 0.0 4.0 6.0 7.0
15 14 4 2.0 3.0 5.0 7.0 4.0 0.0 6.0 1.0
15 11 4 2.0 3.0 5.0 7.0 4.0 6.0 1.0 0.0
15 10 5 1.0 3.0 4.0 7.0 0.0 6.0 5.0 2.0
15 13 5 1.0 2.0 4.0 3.0 0.0 6.0 5.0 7.0
15 12 3 6.0 3.0 1.0 7.0 2.0 4.0 5.0 0.0
15 9 6 2.0 0.0 4.0 3.0 5.0 6.0 1.0 7.0
15 12 3 1.0 0.0 3.0 7.0 2.0 4.0 6.0 5.0
15 11 4 0.0 3.0 5.0 7.0 2.0 1.0 4.0 6.0
15 15 4 0.0 2.0 3.0 4.0 1.0 6.0 5.0 7.0
15 11 4 2.0 3.0 1.0 7.0 6.0 4.0 5.0 0.0
15 10 5 3.0 6.0 1.0 5.0 2.0 4.0 7.0 0.0
15 10 5 3.0 4.0 5.0 7.0 6.0 1.0 2.0 0.0
15 11 5 3.0 0.0 5.0 1.0 2.0 7.0 6.0 4.0
15 11 4 3.0 5.0 6.0 7.0 2.0 4.0 1.0 0.0
15 11 4 3.0 5.0 0.0 7.0 2.0 4.0 6.0 1.0
15 14 4 3.0 4.0 5.0 7.0 2.0 0.0 6.0 1.0
15 11 4 3.0 4.0 5.0 7.0 2.0 6.0 1.0 0.0
15 11 4 3.0 7.0 5.0 4.0 2.0 1.0 6.0 0.0
15 11 4 0.0 2.0 3.0 4.0 5.0 1.0 6.0 7.0
15 11 4 1.0 0.0 5.0 2.0 3.0 4.0 6.0 7.0
15 11 4 0.0 3.0 1.0 5.0 2.0 4.0 6.0 7.0
15 10 5 0.0 2.0 4.0 3.0 5.0 6.0 1.0 7.0
15 13 2 1.0 3.0 0.0 7.0 2.0 4.0 6.0 5.0
15 12 3 3.0 0.0 5.0 7.0 2.0 4.0 6.0 1.0
15 13 2 0.0 3.0 5.0 7.0 2.0 4.0 6.0 1.0
16 9 7 3.0 1.0 0.0 4.0 7.0 2.0 6.0 5.0
16 9 7 4.0 0.0 1.0 7.0 3.0 6.0 5.0 2.0
16 9 7 4.0 3.0 1.0 0.0 7.0 6.0 5.0 2.0
16 9 7 7.0 3.0 1.0 0.0 4.0 6.0 5.0 2.0
16 9 7 7.0 6.0 0.0 4.0 3.0 2.0 5.0 1.0
16 9 7 3.0 1.0 4.0 0.0 7.0 2.0 6.0 5.0
16 10 6 4.0 0.0 1.0 7.0 3.0 2.0 6.0 5.0
16 10 6 4.0 3.0 1.0 0.0 7.0 2.0 6.0 5.0
16 10 6 4.0 0.0 5.0 1.0 3.0 2.0 6.0 7.0
16 10 6 4.0 3.0 5.0 2.0 0.0 6.0 7.0 1.0
16 10 6 2.0 1.0 5.0 0.0 4.0 6.0 7.0 3.0
16 9 7 3.0 5.0 4.0 2.0 0.0 1.0 6.0 7.0
16 9 7 3.0 5.0 4.0 6.0 2.0 1.0 0.0 7.0
16 11 5 0.0 3.0 5.0 4.0 7.0 1.0 6.0 2.0
16 9 7 6.0 4.0 3.0 1.0 2.0 0.0 5.0 7.0
16 10 6 3.0 2.0 1.0 0.0 4.0 6.0 5.0 7.0
16 9 7 6.0 2.0 1.0 0.0 4.0 3.0 5.0 7.0
16 10 6 3.0 1.0 5.0 7.0 0.0 6.0 4.0 2.0
16 11 5 0.0 1.0 5.0 7.0 2.0 6.0 4.0 3.0
16 11 5 1.0 4.0 3.0 2.0 0.0 6.0 5.0 7.0
16 11 5 1.0 4.0 3.0 5.0 2.0 6.0 0.0 7.0
15 13 3 1.0 4.0 3.0 5.0 2.0 6.0 7.0 0.0
16 12 4 0.0 2.0 5.0 4.0 3.0 6.0 7.0 1.0
16 11 5 4.0 3.0 5.0 7.0 0.0 6.0 1.0 2.0
16 12 4 0.0 3.0 5.0 7.0 2.0 6.0 1.0 4.0
16 10 6 7.0 3.0 5.0 1.0 0.0 6.0 4.0 2.0
16 11 5 0.0 3.0 5.0 1.0 2.0 6.0 4.0 7.0
16 11 5 6.0 2.0 3.0 4.0 7.0 0.0 1.0 5.0
16 11 5 1.0 4.0 0.0 3.0 2.0 6.0 7.0 5.0
16 9 7 4.0 0.0 1.0 2.0 3.0 6.0 5.0 7.0
16 8 8 3.0 6.0 1.0 5.0 4.0 2.0 0.0 7.0
15 10 6 3.0 6.0 1.0 5.0 4.0 2.0 7.0 0.0
16 9 7 3.0 6.0 0.0 7.0 4.0 2.0 5.0 1.0
16 9 7 0.0 6.0 1.0 7.0 4.0 2.0 5.0 3.0
16 10 6 3.0 0.0 5.0 2.0 1.0 6.0 7.0 4.0
16 11 5 0.0 1.0 5.0 7.0 4.0 2.0 6.0 3.0
16 8 8 4.0 6.0 1.0 3.0 0.0 2.0 5.0 7.0
16 8 8 4.0 6.0 1.0 5.0 3.0 2.0 0.0 7.0
15 9 6 4.0 6.0 1.0 5.0 3.0 2.0 7.0 0.0
16 9 7 4.0 6.0 0.0 7.0 3.0 2.0 5.0 1.0
16 9 7 0.0 6.0 1.0 7.0 3.0 2.0 5.0 4.0
16 8 8 3.0 6.0 1.0 5.0 7.0 2.0 0.0 4.0
16 10 6 3.0 1.0 4.0 2.0 0.0 6.0 7.0 5.0
16 9 7 7.0 1.0 4.0 3.0 0.0 6.0 5.0 2.0
16 9 7 5.0 6.0 1.0 3.0 2.0 0.0 7.0 4.0
16 10 6 0.0 5.0 6.0 4.0 2.0 1.0 7.0 3.0
16 10 6 3.0 5.0 0.0 4.0 2.0 1.0 7.0 6.0
16 10 6 2.0 1.0 5.0 0.0 3.0 6.0 7.0 4.0
16 9 7 2.0 3.0 1.0 6.0 0.0 5.0 7.0 4.0
16 10 6 2.0 0.0 1.0 4.0 3.0 5.0 7.0 6.0
16 10 6 4.0 1.0 5.0 3.0 0.0 2.0 6.0 7.0
16 9 7 7.0 1.0 5.0 4.0 3.0 2.0 0.0 6.0
16 10 6 7.0 1.0 5.0 4.0 0.0 2.0 6.0 3.0
16 9 7 3.0 1.0 7.0 2.0 0.0 6.0 4.0 5.0
16 10 6 4.0 3.0 7.0 1.0 2.0 6.0 0.0 5.0
16 9 7 5.0 6.0 4.0 3.0 2.0 0.0 1.0 7.0
16 10 6 7.0 2.0 1.0 0.0 3.0 6.0 5.0 4.0
16 11 5 7.0 2.0 1.0 4.0 0.0 6.0 5.0 3.0
16 10 6 7.0 3.0 1.0 0.0 4.0 2.0 6.0 5.0
16 9 7 7.0 2.0 1.0 0.0 6.0 3.0 5.0 4.0
16 10 6 7.0 2.0 1.0 4.0 0.0 3.0 5.0 6.0
16 9 7 2.0 0.0 6.0 4.0 3.0 5.0 1.0 7.0
16 9 7 2.0 3.0 6.0 0.0 4.0 5.0 1.0 7.0
15 10 5 2.0 3.0 6.0 7.0 4.0 5.0 1.0 0.0
16 10 6 4.0 3.0 6.0 1.0 2.0 5.0 0.0 7.0
16 10 6 4.0 3.0 6.0 7.0 0.0 5.0 1.0 2.0
16 11 5 4.0 3.0 0.0 7.0 2.0 5.0 1.0 6.0
16 11 5 5.0 3.0 4.0 7.0 2.0 1.0 0.0 6.0
16 9 7 6.0 1.0 4.0 7.0 3.0 0.0 5.0 2.0
16 10 6 2.0 0.0 1.0 4.0 6.0 5.0 7.0 3.0
16 10 6 2.0 0.0 5.0 3.0 1.0 6.0 7.0 4.0
16 9 7 7.0 1.0 4.0 0.0 3.0 2.0 6.0 5.0
16 10 6 2.0 1.0 4.0 7.0 3.0 0.0 6.0 5.0
16 9 7 3.0 1.0 4.0 7.0 5.0 2.0 0.0 6.0
16 9 7 3.0 1.0 4.0 0.0 5.0 2.0 6.0 7.0
16 10 6 4.0 3.0 1.0 7.0 5.0 2.0 0.0 6.0
16 10 6 4.0 3.0 1.0 0.0 5.0 2.0 6.0 7.0
16 10 6 7.0 4.0 1.0 0.0 2.0 3.0 6.0 5.0
16 11 5 3.0 4.0 1.0 7.0 2.0 0.0 6.0 5.0
16 10 6 4.0 3.0 5.0 1.0 7.0 2.0 0.0 6.0
16 11 5 3.0 4.0 5.0 1.0 2.0 0.0 6.0 7.0
16 10 6 7.0 3.0 4.0 1.0 2.0 6.0 0.0 5.0
16 10 6 2.0 3.0 1.0 0.0 4.0 7.0 6.0 5.0
16 10 6 6.0 3.0 4.0 1.0 2.0 5.0 0.0 7.0
16 10 6 6.0 3.0 4.0 7.0 0.0 5.0 1.0 2.0
16 11 5 6.0 3.0 0.0 7.0 2.0 5.0 1.0 4.0
16 10 6 6.0 3.0 1.0 5.0 2.0 0.0 7.0 4.0
16 10 6 0.0 1.0 5.0 4.0 6.0 3.0 7.0 2.0
16 10 6 2.0 1.0 0.0 4.0 6.0 3.0 7.0 5.0
16 9 7 2.0 3.0 4.0 1.0 6.0 5.0 0.0 7.0
16 9 7 2.0 3.0 4.0 6.0 0.0 5.0 1.0 7.0
16 10 6 0.0 3.0 4.0 7.0 6.0 5.0 1.0 2.0
16 10 6 2.0 3.0 0.0 7.0 6.0 5.0 1.0 4.0
16 10 6 2.0 4.0 3.0 0.0 1.0 6.0 5.0 7.0
16 10 6 6.0 1.0 0.0 4.0 3.0 2.0 7.0 5.0
16 10 6 0.0 1.0 5.0 4.0 3.0 2.0 7.0 6.0
16 10 6 3.0 2.0 1.0 0.0 7.0 6.0 5.0 4.0
16 9 7 6.0 2.0 1.0 0.0 7.0 3.0 5.0 4.0
16 11 5 1.0 2.0 5.0 0.0 4.0 3.0 6.0 7.0
15 12 3 1.0 2.0 5.0 7.0 4.0 3.0 6.0 0.0
16 10 6 4.0 7.0 3.0 0.0 2.0 6.0 1.0 5.0
16 11 5 1.0 4.0 3.0 7.0 0.0 6.0 5.0 2.0
16 10 6 3.0 1.0 7.0 4.0 0.0 6.0 5.0 2.0
16 9 7 3.0 6.0 1.0 0.0 2.0 5.0 4.0 7.0
16 9 7 3.0 1.0 7.0 5.0 0.0 6.0 4.0 2.0
16 9 7 3.0 6.0 1.0 0.0 5.0 7.0 2.0 4.0
16 10 6 5.0 3.0 6.0 1.0 2.0 0.0 7.0 4.0
16 10 6 1.0 6.0 4.0 3.0 0.0 5.0 7.0 2.0
16 11 5 0.0 5.0 3.0 1.0 2.0 6.0 7.0 4.0
16 12 4 1.0 5.0 3.0 2.0 0.0 6.0 7.0 4.0
16 12 4 2.0 3.0 5.0 7.0 0.0 1.0 6.0 4.0
16 14 2 1.0 3.0 5.0 7.0 2.0 0.0 6.0 4.0
16 12 4 7.0 2.0 3.0 0.0 5.0 6.0 1.0 4.0
16 11 5 4.0 2.0 3.0 0.0 7.0 6.0 5.0 1.0
16 12 4 2.0 3.0 5.0 1.0 0.0 4.0 6.0 7.0
16 10 6 2.0 3.0 5.0 1.0 0.0 6.0 7.0 4.0
16 10 6 2.0 3.0 5.0 1.0 0.0 6.0 4.0 7.0
16 10 6 6.0 1.0 5.0 4.0 0.0 3.0 7.0 2.0
16 10 6 3.0 6.0 1.0 0.0 2.0 4.0 5.0 7.0
16 11 5 1.0 4.0 5.0 0.0 2.0 6.0 3.0 7.0
16 12 4 7.0 3.0 1.0 0.0 2.0 4.0 6.0 5.0
16 12 4 4.0 2.0 1.0 0.0 5.0 6.0 7.0 3.0
16 10 6 0.0 1.0 5.0 3.0 4.0 6.0 7.0 2.0
16 8 8 3.0 6.0 4.0 0.0 7.0 2.0 5.0 1.0
16 10 6 3.0 0.0 5.0 1.0 2.0 6.0 7.0 4.0
16 11 5 4.0 1.0 5.0 7.0 2.0 6.0 0.0 3.0
16 8 8 6.0 1.0 4.0 3.0 0.0 2.0 5.0 7.0
16 10 6 2.0 3.0 0.0 5.0 4.0 1.0 6.0 7.0
16 11 5 0.0 3.0 5.0 2.0 4.0 1.0 6.0 7.0
16 11 5 2.0 3.0 5.0 7.0 4.0 1.0 0.0 6.0
16 10 6 7.0 3.0 0.0 4.0 2.0 1.0 5.0 6.0
16 9 7 2.0 3.0 4.0 0.0 6.0 5.0 7.0 1.0
16 9 7 2.0 3.0 7.0 4.0 6.0 5.0 0.0 1.0
16 9 7 2.0 6.0 4.0 7.0 0.0 5.0 1.0 3.0
16 9 7 3.0 6.0 7.0 0.0 2.0 5.0 1.0 4.0
16 9 7 5.0 3.0 6.0 4.0 0.0 2.0 1.0 7.0
16 9 7 5.0 0.0 6.0 4.0 2.0 3.0 1.0 7.0
16 10 6 7.0 3.0 1.0 2.0 4.0 6.0 5.0 0.0
16 9 7 3.0 1.0 4.0 5.0 6.0 0.0 7.0 2.0
16 9 7 0.0 1.0 7.0 3.0 2.0 6.0 5.0 4.0
16 10 6 0.0 3.0 7.0 4.0 2.0 6.0 5.0 1.0
16 11 7 0.0 6.0 4.0 3.0 2.0 5.0 7.0 1.0
16 10 6 4.0 1.0 5.0 3.0 2.0 6.0 0.0 7.0
16 9 7 4.0 5.0 6.0 1.0 2.0 3.0 0.0 7.0
16 9 7 2.0 1.0 5.0 4.0 6.0 7.0 0.0 3.0
16 9 7 3.0 6.0 1.0 4.0 2.0 7.0 0.0 5.0
16 9 7 0.0 3.0 4.0 2.0 7.0 6.0 1.0 5.0
16 10 6 2.0 3.0 4.0 7.0 0.0 6.0 1.0 5.0
16 9 7 2.0 5.0 4.0 3.0 0.0 1.0 6.0 7.0
16 11 5 1.0 5.0 4.0 3.0 2.0 0.0 6.0 7.0
16 11 5 7.0 5.0 4.0 3.0 2.0 1.0 6.0 0.0
16 9 7 2.0 5.0 0.0 4.0 1.0 3.0 6.0 7.0
16 10 6 2.0 3.0 5.0 0.0 1.0 6.0 7.0 4.0
16 10 6 2.0 3.0 0.0 5.0 7.0 1.0 6.0 4.0
16 11 5 0.0 3.0 5.0 2.0 7.0 1.0 6.0 4.0
16 8 8 0.0 1.0 4.0 2.0 6.0 3.0 5.0 7.0
16 9 7 2.0 1.0 4.0 7.0 0.0 3.0 5.0 6.0
16 10 6 7.0 4.0 3.0 0.0 2.0 6.0 5.0 1.0
16 10 6 7.0 4.0 3.0 1.0 2.0 6.0 0.0 5.0
16 8 8 0.0 1.0 4.0 6.0 3.0 2.0 5.0 7.0
16 9 7 6.0 1.0 4.0 7.0 0.0 2.0 5.0 3.0
16 10 6 0.0 4.0 7.0 3.0 2.0 1.0 6.0 5.0
16 8 8 0.0 6.0 4.0 3.0 1.0 2.0 5.0 7.0
16 10 6 1.0 5.0 7.0 4.0 3.0 0.0 6.0 2.0
16 10 6 0.0 2.0 1.0 6.0 3.0 5.0 7.0 4.0
16 11 5 0.0 1.0 4.0 3.0 5.0 6.0 7.0 2.0
16 10 6 3.0 1.0 7.0 4.0 5.0 0.0 6.0 2.0
16 11 6 5.0 3.0 1.0 4.0 6.0 0.0 7.0 2.0
16 11 5 5.0 3.0 1.0 7.0 2.0 6.0 0.0 4.0
16 12 4 1.0 2.0 5.0 4.0 6.0 0.0 7.0 3.0
16 11 5 4.0 5.0 0.0 7.0 2.0 3.0 6.0 1.0
16 10 6 7.0 3.0 0.0 5.0 2.0 6.0 4.0 1.0
16 10 6 7.0 5.0 0.0 1.0 2.0 3.0 6.0 4.0
16 12 4 5.0 2.0 3.0 4.0 7.0 6.0 0.0 1.0
16 11 5 7.0 2.0 3.0 4.0 6.0 5.0 0.0 1.0
16 10 6 0.0 4.0 5.0 3.0 1.0 2.0 6.0 7.0
16 11 5 2.0 1.0 5.0 3.0 0.0 4.0 6.0 7.0
16 12 4 3.0 1.0 5.0 0.0 2.0 4.0 6.0 7.0
15 15 2 3.0 1.0 5.0 7.0 2.0 4.0 6.0 0.0
16 13 3 7.0 1.0 5.0 3.0 2.0 4.0 6.0 0.0
16 11 5 1.0 5.0 6.0 3.0 2.0 4.0 0.0 7.0
16 8 8 4.0 0.0 1.0 2.0 6.0 3.0 5.0 7.0
16 9 7 4.0 3.0 1.0 2.0 7.0 6.0 0.0 5.0
16 9 7 3.0 6.0 1.0 4.0 7.0 0.0 5.0 2.0
16 10 6 3.0 5.0 4.0 0.0 1.0 6.0 7.0 2.0
16 10 6 3.0 5.0 7.0 4.0 1.0 6.0 0.0 2.0
16 9 7 3.0 1.0 7.0 4.0 0.0 2.0 6.0 5.0
16 11 5 4.0 3.0 5.0 7.0 0.0 2.0 1.0 6.0
16 11 5 4.0 0.0 5.0 7.0 2.0 3.0 1.0 6.0
16 12 4 1.0 3.0 5.0 0.0 7.0 2.0 6.0 4.0
16 10 6 3.0 0.0 1.0 4.0 2.0 5.0 7.0 6.0
16 10 6 4.0 6.0 3.0 1.0 0.0 5.0 7.0 2.0
16 10 6 7.0 4.0 3.0 0.0 2.0 6.0 1.0 5.0
16 11 5 5.0 4.0 3.0 7.0 2.0 6.0 1.0 0.0
16 9 7 4.0 6.0 3.0 7.0 0.0 2.0 1.0 5.0
16 10 6 0.0 6.0 5.0 4.0 1.0 2.0 7.0 3.0
16 10 6 1.0 6.0 0.0 4.0 2.0 7.0 5.0 3.0
16 9 7 3.0 0.0 1.0 4.0 7.0 2.0 6.0 5.0
16 11 5 5.0 3.0 1.0 4.0 7.0 2.0 6.0 0.0
16 10 6 7.0 3.0 1.0 0.0 5.0 2.0 6.0 4.0
16 10 6 7.0 3.0 1.0 4.0 5.0 2.0 0.0 6.0
16 9 7 7.0 1.0 6.0 4.0 2.0 3.0 0.0 5.0
16 9 7 2.0 7.0 1.0 4.0 0.0 3.0 6.0 5.0
16 10 6 4.0 7.0 1.0 0.0 2.0 3.0 6.0 5.0
16 11 5 5.0 7.0 1.0 4.0 2.0 3.0 6.0 0.0
16 9 7 3.0 6.0 4.0 0.0 5.0 7.0 1.0 2.0
16 10 6 0.0 6.0 5.0 4.0 1.0 3.0 7.0 2.0
16 10 6 1.0 5.0 4.0 7.0 3.0 2.0 0.0 6.0
16 11 5 1.0 5.0 4.0 7.0 0.0 2.0 6.0 3.0
16 10 6 1.0 5.0 6.0 0.0 3.0 2.0 7.0 4.0
16 11 5 1.0 5.0 6.0 4.0 0.0 2.0 7.0 3.0
16 9 7 2.0 3.0 6.0 4.0 7.0 5.0 0.0 1.0
16 9 7 2.0 3.0 6.0 0.0 7.0 5.0 1.0 4.0
16 9 7 4.0 0.0 3.0 6.0 2.0 5.0 1.0 7.0
16 10 6 2.0 0.0 4.0 7.0 1.0 3.0 6.0 5.0
16 10 6 2.0 3.0 4.0 7.0 1.0 6.0 0.0 5.0
16 9 7 2.0 3.0 7.0 0.0 4.0 6.0 1.0 5.0
16 9 7 4.0 6.0 3.0 5.0 2.0 0.0 1.0 7.0
16 9 7 3.0 1.0 5.0 0.0 6.0 2.0 7.0 4.0
16 10 6 3.0 1.0 5.0 4.0 0.0 2.0 7.0 6.0
16 10 6 4.0 3.0 6.0 0.0 2.0 5.0 7.0 1.0
16 9 7 3.0 5.0 6.0 4.0 2.0 7.0 0.0 1.0
16 9 7 6.0 1.0 4.0 0.0 2.0 5.0 7.0 3.0
16 9 7 6.0 1.0 7.0 4.0 2.0 5.0 0.0 3.0
16 9 7 6.0 5.0 1.0 4.0 2.0 7.0 0.0 3.0
16 9 7 0.0 1.0 4.0 6.0 2.0 3.0 5.0 7.0
16 10 6 4.0 3.0 5.0 0.0 6.0 1.0 7.0 2.0
16 11 5 1.0 3.0 5.0 4.0 6.0 0.0 7.0 2.0
16 11 5 2.0 3.0 5.0 4.0 6.0 1.0 7.0 0.0
16 9 7 3.0 5.0 4.0 0.0 6.0 1.0 7.0 2.0
16 9 7 3.0 5.0 7.0 4.0 6.0 1.0 0.0 2.0
16 11 5 1.0 4.0 0.0 5.0 2.0 3.0 6.0 7.0
16 12 4 1.0 4.0 5.0 7.0 2.0 3.0 0.0 6.0
16 10 6 2.0 3.0 1.0 4.0 6.0 0.0 7.0 5.0
16 11 5 4.0 7.0 3.0 1.0 2.0 6.0 5.0 0.0
16 10 6 3.0 0.0 4.0 7.0 2.0 6.0 1.0 5.0
16 12 4 5.0 3.0 4.0 7.0 2.0 6.0 1.0 0.0
16 8 8 3.0 6.0 7.0 1.0 0.0 2.0 5.0 4.0
16 9 7 6.0 1.0 4.0 0.0 3.0 5.0 7.0 2.0
16 9 7 6.0 1.0 7.0 4.0 3.0 5.0 0.0 2.0
16 9 7 6.0 5.0 1.0 4.0 3.0 7.0 0.0 2.0
16 10 6 2.0 3.0 1.0 0.0 5.0 7.0 6.0 4.0
16 11 5 7.0 6.0 3.0 4.0 2.0 5.0 1.0 0.0
16 12 5 2.0 3.0 1.0 0.0 5.0 6.0 7.0 4.0
16 9 7 2.0 3.0 1.0 5.0 6.0 0.0 7.0 4.0
16 10 6 2.0 4.0 3.0 0.0 7.0 6.0 5.0 1.0
16 10 6 2.0 4.0 3.0 1.0 7.0 6.0 0.0 5.0
16 10 6 7.0 5.0 6.0 4.0 3.0 2.0 1.0 0.0
16 9 7 3.0 5.0 6.0 4.0 7.0 2.0 0.0 1.0
16 11 5 1.0 2.0 5.0 0.0 7.0 3.0 6.0 4.0
16 11 5 1.0 2.0 5.0 4.0 7.0 3.0 0.0 6.0
16 9 7 3.0 4.0 6.0 5.0 2.0 1.0 0.0 7.0
16 10 6 1.0 6.0 0.0 3.0 2.0 7.0 5.0 4.0
16 10 6 2.0 7.0 3.0 4.0 6.0 0.0 1.0 5.0
16 9 7 2.0 5.0 0.0 4.0 6.0 1.0 3.0 7.0
16 10 6 2.0 5.0 3.0 0.0 6.0 1.0 7.0 4.0
16 11 5 2.0 5.0 3.0 4.0 0.0 1.0 7.0 6.0
16 11 5 6.0 2.0 3.0 4.0 7.0 5.0 0.0 1.0
16 10 6 2.0 3.0 6.0 0.0 5.0 1.0 7.0 4.0
16 9 7 6.0 1.0 5.0 4.0 0.0 2.0 3.0 7.0
16 9 7 3.0 1.0 4.0 0.0 7.0 6.0 2.0 5.0
16 11 5 5.0 3.0 1.0 4.0 7.0 6.0 2.0 0.0
16 10 6 1.0 4.0 6.0 7.0 3.0 2.0 0.0 5.0
16 10 6 1.0 4.0 7.0 0.0 3.0 2.0 6.0 5.0
16 12 4 1.0 3.0 6.0 7.0 2.0 5.0 0.0 4.0
16 10 6 3.0 6.0 7.0 0.0 2.0 4.0 1.0 5.0
16 12 4 7.0 5.0 3.0 4.0 2.0 6.0 1.0 0.0
16 11 5 2.0 5.0 3.0 4.0 7.0 6.0 0.0 1.0
16 11 5 6.0 2.0 0.0 4.0 5.0 1.0 3.0 7.0
16 12 4 6.0 2.0 3.0 0.0 5.0 1.0 7.0 4.0
16 11 5 7.0 2.0 3.0 4.0 6.0 0.0 5.0 1.0
16 13 3 1.0 2.0 3.0 4.0 7.0 6.0 0.0 5.0
16 10 6 4.0 2.0 3.0 1.0 6.0 0.0 5.0 7.0
16 14 3 1.0 2.0 3.0 4.0 0.0 6.0 5.0 7.0
16 11 5 1.0 2.0 0.0 3.0 4.0 6.0 5.0 7.0
16 11 5 2.0 1.0 4.0 0.0 5.0 6.0 7.0 3.0
16 11 5 2.0 1.0 7.0 4.0 5.0 6.0 0.0 3.0
16 10 6 7.0 2.0 3.0 1.0 6.0 0.0 5.0 4.0
16 11 5 1.0 2.0 0.0 3.0 7.0 6.0 5.0 4.0
16 10 6 7.0 3.0 1.0 5.0 0.0 2.0 6.0 4.0
16 10 6 7.0 0.0 1.0 5.0 2.0 3.0 6.0 4.0
16 9 7 3.0 6.0 1.0 2.0 5.0 7.0 0.0 4.0
16 10 6 4.0 2.0 1.0 7.0 3.0 6.0 0.0 5.0
16 9 7 4.0 2.0 1.0 7.0 6.0 3.0 0.0 5.0
16 9 7 3.0 1.0 5.0 0.0 6.0 7.0 2.0 4.0
16 10 6 4.0 6.0 3.0 5.0 2.0 0.0 7.0 1.0
16 9 7 2.0 3.0 4.0 5.0 7.0 6.0 0.0 1.0
16 11 5 5.0 2.0 1.0 4.0 7.0 3.0 6.0 0.0
16 10 6 2.0 3.0 5.0 0.0 7.0 6.0 1.0 4.0
16 10 6 2.0 0.0 5.0 4.0 7.0 3.0 6.0 1.0
16 10 6 1.0 6.0 5.0 2.0 3.0 0.0 7.0 4.0
16 11 5 3.0 2.0 5.0 0.0 1.0 6.0 7.0 4.0
16 12 4 3.0 2.0 5.0 4.0 0.0 6.0 7.0 1.0
16 9 7 2.0 6.0 1.0 3.0 5.0 7.0 0.0 4.0
16 11 5 1.0 6.0 5.0 0.0 2.0 7.0 3.0 4.0
16 11 5 4.0 0.0 3.0 7.0 2.0 5.0 6.0 1.0
16 11 5 4.0 3.0 7.0 0.0 2.0 5.0 6.0 1.0
16 11 6 5.0 3.0 1.0 0.0 2.0 6.0 4.0 7.0
16 9 7 2.0 3.0 1.0 5.0 0.0 6.0 4.0 7.0
16 11 5 1.0 3.0 4.0 7.0 6.0 0.0 5.0 2.0
16 11 5 2.0 3.0 4.0 7.0 6.0 1.0 5.0 0.0
16 10 6 2.0 3.0 6.0 7.0 0.0 5.0 4.0 1.0
16 11 5 0.0 4.0 5.0 3.0 2.0 1.0 6.0 7.0
16 11 5 3.0 4.0 5.0 7.0 2.0 1.0 0.0 6.0
16 11 5 1.0 6.0 5.0 0.0 2.0 7.0 4.0 3.0
16 12 4 2.0 7.0 3.0 4.0 5.0 6.0 0.0 1.0
16 10 6 2.0 3.0 7.0 5.0 0.0 1.0 6.0 4.0
16 11 5 5.0 3.0 7.0 0.0 2.0 1.0 6.0 4.0
16 12 4 1.0 3.0 7.0 5.0 2.0 0.0 6.0 4.0
16 12 4 4.0 3.0 7.0 5.0 2.0 1.0 6.0 0.0
16 11 5 5.0 2.0 1.0 4.0 0.0 3.0 7.0 6.0
16 13 3 6.0 2.0 1.0 4.0 5.0 3.0 7.0 0.0
16 10 6 5.0 2.0 6.0 4.0 0.0 3.0 1.0 7.0
16 12 4 7.0 2.0 6.0 4.0 5.0 3.0 1.0 0.0
16 12 4 1.0 2.0 3.0 7.0 4.0 6.0 0.0 5.0
16 13 3 4.0 3.0 5.0 1.0 2.0 7.0 6.0 0.0
16 9 7 3.0 6.0 5.0 0.0 4.0 2.0 7.0 1.0
16 9 7 4.0 6.0 5.0 0.0 3.0 2.0 7.0 1.0
16 9 7 3.0 6.0 5.0 0.0 7.0 2.0 4.0 1.0
16 12 4 4.0 2.0 3.0 1.0 6.0 5.0 7.0 0.0
16 11 5 5.0 2.0 1.0 3.0 0.0 6.0 7.0 4.0
16 12 4 3.0 2.0 1.0 0.0 5.0 6.0 7.0 4.0
16 13 3 4.0 2.0 1.0 3.0 5.0 6.0 7.0 0.0
16 12 4 0.0 1.0 5.0 7.0 3.0 4.0 6.0 2.0
16 12 4 1.0 5.0 0.0 7.0 3.0 4.0 6.0 2.0
16 10 6 6.0 0.0 5.0 4.0 2.0 1.0 7.0 3.0
16 10 6 6.0 1.0 5.0 4.0 2.0 7.0 0.0 3.0
16 9 7 7.0 3.0 1.0 2.0 6.0 0.0 5.0 4.0
16 9 7 3.0 6.0 0.0 1.0 4.0 5.0 7.0 2.0
16 10 6 0.0 2.0 5.0 4.0 3.0 1.0 6.0 7.0
16 11 5 4.0 3.0 5.0 2.0 1.0 0.0 6.0 7.0
16 12 4 4.0 3.0 5.0 2.0 7.0 1.0 6.0 0.0
16 11 5 4.0 3.0 5.0 6.0 2.0 0.0 1.0 7.0
16 11 5 7.0 3.0 5.0 4.0 1.0 0.0 6.0 2.0
16 10 6 6.0 0.0 5.0 4.0 3.0 1.0 7.0 2.0
16 8 8 0.0 6.0 4.0 2.0 3.0 5.0 1.0 7.0
16 9 7 3.0 6.0 4.0 2.0 7.0 5.0 1.0 0.0
16 10 6 6.0 3.0 4.0 0.0 2.0 5.0 7.0 1.0
16 10 6 6.0 3.0 7.0 4.0 2.0 5.0 0.0 1.0
16 9 7 2.0 3.0 0.0 5.0 4.0 6.0 1.0 7.0
16 10 6 2.0 0.0 3.0 7.0 4.0 6.0 5.0 1.0
16 9 7 0.0 3.0 4.0 2.0 1.0 6.0 5.0 7.0
16 9 7 3.0 4.0 0.0 2.0 1.0 6.0 5.0 7.0
16 10 6 2.0 1.0 4.0 5.0 0.0 6.0 7.0 3.0
16 9 7 3.0 4.0 0.0 7.0 1.0 6.0 5.0 2.0
16 9 7 3.0 6.0 4.0 7.0 1.0 0.0 5.0 2.0
16 10 6 6.0 0.0 4.0 7.0 2.0 1.0 5.0 3.0
16 10 6 6.0 1.0 4.0 7.0 2.0 5.0 0.0 3.0
16 10 6 0.0 7.0 1.0 4.0 3.0 6.0 5.0 2.0
16 11 7 4.0 6.0 0.0 1.0 2.0 5.0 7.0 3.0
16 10 6 5.0 6.0 1.0 4.0 0.0 2.0 7.0 3.0
16 11 7 2.0 3.0 0.0 5.0 7.0 6.0 1.0 4.0
16 9 7 6.0 3.0 0.0 1.0 4.0 2.0 5.0 7.0
16 10 6 6.0 3.0 1.0 7.0 4.0 2.0 0.0 5.0
16 10 6 6.0 0.0 5.0 3.0 2.0 1.0 7.0 4.0
16 10 6 6.0 1.0 5.0 3.0 2.0 7.0 0.0 4.0
16 8 8 7.0 6.0 0.0 1.0 3.0 2.0 5.0 4.0
16 9 7 7.0 6.0 1.0 4.0 2.0 0.0 5.0 3.0
16 10 6 3.0 2.0 4.0 7.0 1.0 0.0 6.0 5.0
16 10 6 3.0 4.0 0.0 7.0 1.0 2.0 6.0 5.0
16 11 5 2.0 5.0 0.0 4.0 1.0 6.0 7.0 3.0
16 9 7 2.0 4.0 0.0 3.0 1.0 6.0 5.0 7.0
16 9 7 4.0 6.0 0.0 1.0 3.0 5.0 7.0 2.0
16 10 6 5.0 6.0 1.0 4.0 0.0 3.0 7.0 2.0
16 10 6 3.0 5.0 4.0 7.0 1.0 0.0 6.0 2.0
16 10 6 0.0 5.0 4.0 7.0 3.0 1.0 6.0 2.0
16 11 5 5.0 0.0 4.0 7.0 2.0 1.0 6.0 3.0
16 10 6 2.0 3.0 5.0 4.0 7.0 0.0 1.0 6.0
16 11 5 3.0 2.0 1.0 4.0 0.0 5.0 7.0 6.0
16 11 5 4.0 3.0 0.0 1.0 5.0 6.0 7.0 2.0
16 13 6 0.0 3.0 1.0 5.0 4.0 6.0 7.0 2.0
16 10 6 3.0 2.0 0.0 4.0 6.0 5.0 1.0 7.0
16 11 6 7.0 3.0 0.0 1.0 2.0 6.0 4.0 5.0
16 11 5 5.0 2.0 3.0 4.0 6.0 1.0 0.0 7.0
15 12 3 5.0 2.0 3.0 4.0 6.0 1.0 7.0 0.0
16 8 8 6.0 0.0 1.0 3.0 4.0 2.0 5.0 7.0
16 9 7 3.0 0.0 5.0 2.0 6.0 1.0 7.0 4.0
16 9 7 3.0 1.0 5.0 2.0 6.0 7.0 0.0 4.0
16 10 6 3.0 6.0 5.0 4.0 0.0 1.0 7.0 2.0
16 9 7 3.0 5.0 4.0 0.0 1.0 2.0 6.0 7.0
15 10 5 3.0 5.0 4.0 7.0 1.0 2.0 6.0 0.0
16 9 7 3.0 5.0 6.0 4.0 1.0 2.0 0.0 7.0
15 11 5 3.0 5.0 6.0 4.0 1.0 2.0 7.0 0.0
16 9 7 3.0 0.0 1.0 5.0 4.0 2.0 6.0 7.0
16 10 6 3.0 1.0 5.0 7.0 4.0 0.0 2.0 6.0
16 10 8 7.0 6.0 1.0 3.0 0.0 2.0 5.0 4.0
16 8 8 6.0 0.0 1.0 3.0 7.0 2.0 5.0 4.0
16 10 6 2.0 1.0 4.0 3.0 0.0 6.0 7.0 5.0
16 9 7 7.0 1.0 0.0 3.0 2.0 6.0 4.0 5.0
16 9 7 3.0 5.0 0.0 6.0 2.0 1.0 7.0 4.0
16 10 6 3.0 5.0 6.0 4.0 1.0 0.0 7.0 2.0
16 10 6 0.0 5.0 6.0 4.0 3.0 1.0 7.0 2.0
16 10 6 4.0 1.0 3.0 5.0 2.0 0.0 6.0 7.0
16 10 6 0.0 4.0 3.0 5.0 2.0 1.0 6.0 7.0
16 10 6 4.0 3.0 6.0 5.0 2.0 0.0 1.0 7.0
16 11 5 1.0 5.0 4.0 0.0 2.0 3.0 6.0 7.0
15 12 3 1.0 5.0 4.0 7.0 2.0 3.0 6.0 0.0
16 11 5 1.0 3.0 4.0 0.0 2.0 6.0 5.0 7.0
16 10 7 6.0 3.0 1.0 2.0 0.0 5.0 7.0 4.0
16 10 7 3.0 0.0 1.0 2.0 6.0 5.0 7.0 4.0
16 11 7 4.0 0.0 1.0 5.0 3.0 2.0 6.0 7.0
16 10 6 4.0 1.0 5.0 7.0 3.0 0.0 2.0 6.0
16 9 7 3.0 0.0 1.0 5.0 7.0 2.0 6.0 4.0
16 12 6 7.0 1.0 5.0 3.0 0.0 2.0 6.0 4.0
16 9 7 2.0 1.0 7.0 3.0 0.0 6.0 4.0 5.0
16 10 6 2.0 3.0 7.0 4.0 0.0 6.0 1.0 5.0
16 10 6 3.0 0.0 7.0 4.0 2.0 6.0 1.0 5.0
16 9 7 2.0 6.0 4.0 3.0 7.0 5.0 1.0 0.0
16 11 5 7.0 2.0 0.0 4.0 3.0 6.0 1.0 5.0
16 10 6 1.0 6.0 0.0 4.0 3.0 7.0 5.0 2.0
16 10 6 7.0 2.0 0.0 4.0 6.0 3.0 1.0 5.0
16 10 6 7.0 2.0 1.0 4.0 6.0 0.0 3.0 5.0
16 10 6 7.0 3.0 6.0 4.0 2.0 0.0 5.0 1.0
16 10 6 7.0 3.0 0.0 6.0 2.0 5.0 1.0 4.0
16 13 3 1.0 3.0 4.0 7.0 5.0 2.0 6.0 0.0
16 14 4 1.0 4.0 0.0 7.0 2.0 3.0 6.0 5.0
16 12 4 1.0 3.0 0.0 7.0 2.0 6.0 4.0 5.0
16 9 7 3.0 1.0 0.0 2.0 7.0 6.0 4.0 5.0
16 9 7 3.0 1.0 4.0 2.0 7.0 0.0 6.0 5.0
16 9 7 4.0 1.0 0.0 7.0 6.0 3.0 5.0 2.0
16 9 7 0.0 4.0 1.0 7.0 6.0 3.0 5.0 2.0
16 9 7 3.0 1.0 4.0 7.0 6.0 2.0 0.0 5.0
16 9 7 4.0 3.0 0.0 1.0 6.0 2.0 5.0 7.0
16 10 6 4.0 3.0 1.0 7.0 6.0 2.0 0.0 5.0
16 9 7 6.0 3.0 0.0 1.0 7.0 2.0 5.0 4.0
16 11 7 6.0 3.0 1.0 4.0 7.0 0.0 2.0 5.0
16 9 7 6.0 3.0 0.0 4.0 7.0 2.0 1.0 5.0
16 9 7 4.0 6.0 0.0 1.0 2.0 3.0 5.0 7.0
16 10 6 4.0 6.0 1.0 7.0 2.0 3.0 0.0 5.0
16 9 7 2.0 0.0 5.0 3.0 6.0 1.0 7.0 4.0
16 9 7 2.0 1.0 5.0 3.0 6.0 7.0 0.0 4.0
16 11 6 3.0 1.0 0.0 7.0 4.0 2.0 6.0 5.0
16 10 6 3.0 2.0 1.0 7.0 4.0 0.0 6.0 5.0
16 10 6 4.0 1.0 6.0 7.0 2.0 0.0 3.0 5.0
16 10 6 2.0 4.0 1.0 7.0 3.0 0.0 6.0 5.0
16 11 5 2.0 4.0 1.0 7.0 5.0 3.0 6.0 0.0
16 10 6 3.0 2.0 5.0 1.0 4.0 0.0 6.0 7.0
16 10 6 2.0 4.0 5.0 1.0 3.0 0.0 6.0 7.0
16 11 5 2.0 4.0 5.0 1.0 7.0 3.0 6.0 0.0
16 9 7 2.0 1.0 0.0 3.0 7.0 6.0 4.0 5.0
16 9 7 2.0 1.0 4.0 3.0 7.0 0.0 6.0 5.0
16 9 7 7.0 6.0 3.0 1.0 0.0 2.0 5.0 4.0
16 9 7 7.0 6.0 3.0 1.0 2.0 5.0 0.0 4.0
16 10 6 5.0 3.0 0.0 1.0 2.0 6.0 7.0 4.0
16 9 7 2.0 1.0 0.0 5.0 6.0 3.0 7.0 4.0
16 11 6 0.0 1.0 5.0 4.0 2.0 3.0 7.0 6.0
16 10 6 2.0 1.0 5.0 4.0 3.0 0.0 7.0 6.0
16 10 7 6.0 3.0 4.0 2.0 0.0 5.0 1.0 7.0
16 10 6 2.0 3.0 4.0 7.0 5.0 0.0 1.0 6.0
16 9 7 0.0 6.0 1.0 7.0 3.0 2.0 4.0 5.0
16 10 6 3.0 6.0 1.0 7.0 5.0 2.0 4.0 0.0
16 9 7 2.0 0.0 3.0 1.0 6.0 4.0 5.0 7.0
16 9 7 2.0 4.0 3.0 1.0 6.0 5.0 0.0 7.0
15 10 5 2.0 4.0 3.0 1.0 6.0 5.0 7.0 0.0
16 9 7 6.0 1.0 0.0 5.0 3.0 2.0 7.0 4.0
16 11 6 0.0 1.0 5.0 4.0 6.0 2.0 7.0 3.0
16 9 7 0.0 6.0 4.0 7.0 3.0 2.0 5.0 1.0
16 10 6 3.0 6.0 4.0 7.0 1.0 2.0 5.0 0.0
16 10 6 0.0 3.0 6.0 4.0 5.0 2.0 1.0 7.0
16 10 6 3.0 6.0 0.0 4.0 5.0 2.0 1.0 7.0
16 11 5 3.0 2.0 0.0 4.0 7.0 6.0 1.0 5.0
16 10 6 6.0 2.0 0.0 4.0 7.0 3.0 1.0 5.0
16 10 6 6.0 2.0 1.0 4.0 7.0 0.0 3.0 5.0
16 9 7 6.0 5.0 2.0 4.0 3.0 0.0 1.0 7.0
16 9 7 0.0 6.0 2.0 4.0 3.0 5.0 1.0 7.0
16 11 5 1.0 6.0 4.0 7.0 3.0 2.0 5.0 0.0
16 11 5 1.0 6.0 5.0 3.0 4.0 2.0 7.0 0.0
16 13 5 1.0 4.0 0.0 7.0 2.0 6.0 3.0 5.0
16 11 5 7.0 2.0 3.0 4.0 6.0 1.0 0.0 5.0
16 10 6 7.0 6.0 3.0 4.0 0.0 2.0 5.0 1.0
16 10 6 7.0 6.0 3.0 4.0 2.0 5.0 0.0 1.0
16 10 6 2.0 6.0 3.0 4.0 7.0 5.0 0.0 1.0
16 10 6 2.0 6.0 3.0 4.0 0.0 7.0 5.0 1.0
16 9 7 0.0 1.0 7.0 5.0 3.0 2.0 6.0 4.0
16 10 6 3.0 1.0 7.0 5.0 4.0 2.0 6.0 0.0
16 10 6 2.0 3.0 0.0 4.0 5.0 7.0 1.0 6.0
16 9 7 2.0 6.0 3.0 1.0 0.0 4.0 5.0 7.0
16 9 7 2.0 6.0 3.0 1.0 4.0 5.0 0.0 7.0
15 10 5 2.0 6.0 3.0 1.0 4.0 5.0 7.0 0.0
16 10 6 2.0 1.0 0.0 7.0 4.0 3.0 6.0 5.0
16 10 6 0.0 2.0 1.0 7.0 4.0 3.0 6.0 5.0
16 9 7 1.0 6.0 4.0 2.0 0.0 3.0 5.0 7.0
16 9 7 1.0 6.0 4.0 2.0 3.0 5.0 0.0 7.0
15 10 5 1.0 6.0 4.0 2.0 3.0 5.0 7.0 0.0
16 10 6 2.0 6.0 0.0 4.0 5.0 7.0 1.0 3.0
16 9 7 2.0 6.0 3.0 1.0 7.0 5.0 0.0 4.0
16 9 7 2.0 6.0 3.0 1.0 0.0 7.0 5.0 4.0
16 10 6 2.0 3.0 6.0 1.0 4.0 5.0 7.0 0.0
16 11 6 3.0 7.0 1.0 4.0 2.0 0.0 6.0 5.0
16 10 6 3.0 1.0 0.0 4.0 2.0 7.0 6.0 5.0
16 11 5 4.0 3.0 0.0 1.0 2.0 7.0 6.0 5.0
16 10 6 2.0 3.0 4.0 5.0 1.0 0.0 6.0 7.0
16 11 5 2.0 3.0 4.0 5.0 7.0 1.0 6.0 0.0
16 11 5 0.0 6.0 3.0 4.0 5.0 2.0 1.0 7.0
16 14 5 0.0 3.0 5.0 4.0 7.0 2.0 6.0 1.0
16 11 5 0.0 7.0 5.0 4.0 2.0 3.0 6.0 1.0
16 13 6 2.0 3.0 0.0 5.0 4.0 6.0 7.0 1.0
16 10 6 0.0 2.0 5.0 1.0 7.0 3.0 6.0 4.0
16 13 3 1.0 4.0 5.0 7.0 3.0 2.0 6.0 0.0
16 12 4 3.0 1.0 0.0 7.0 2.0 4.0 6.0 5.0
16 13 3 5.0 2.0 1.0 4.0 3.0 6.0 7.0 0.0
16 10 6 3.0 0.0 1.0 5.0 4.0 6.0 7.0 2.0
16 9 7 3.0 6.0 5.0 4.0 7.0 0.0 2.0 1.0
16 9 7 0.0 3.0 6.0 4.0 7.0 2.0 5.0 1.0
16 9 7 6.0 1.0 0.0 4.0 7.0 2.0 5.0 3.0
16 10 6 4.0 3.0 5.0 1.0 6.0 7.0 0.0 2.0
16 10 6 4.0 0.0 1.0 5.0 2.0 6.0 7.0 3.0
16 9 7 6.0 4.0 0.0 3.0 2.0 1.0 5.0 7.0
16 9 7 0.0 6.0 4.0 3.0 2.0 1.0 5.0 7.0
16 9 7 6.0 1.0 0.0 3.0 2.0 5.0 4.0 7.0
16 9 7 6.0 0.0 1.0 2.0 3.0 5.0 7.0 4.0
16 12 6 4.0 0.0 1.0 5.0 3.0 6.0 7.0 2.0
16 11 5 2.0 1.0 5.0 4.0 7.0 3.0 6.0 0.0
16 10 7 3.0 1.0 5.0 4.0 0.0 7.0 2.0 6.0
16 9 7 3.0 0.0 5.0 4.0 7.0 1.0 2.0 6.0
16 9 7 3.0 0.0 1.0 4.0 7.0 2.0 5.0 6.0
16 9 7 3.0 0.0 4.0 1.0 2.0 6.0 5.0 7.0
16 9 7 6.0 0.0 4.0 7.0 3.0 5.0 1.0 2.0
16 9 7 3.0 6.0 4.0 7.0 5.0 1.0 0.0 2.0
16 10 6 6.0 4.0 0.0 7.0 2.0 5.0 1.0 3.0
16 10 6 6.0 5.0 4.0 7.0 2.0 0.0 1.0 3.0
16 10 6 3.0 5.0 6.0 7.0 2.0 0.0 1.0 4.0
16 10 6 4.0 2.0 5.0 1.0 3.0 6.0 0.0 7.0
15 11 4 4.0 2.0 5.0 1.0 3.0 6.0 7.0 0.0
16 9 7 4.0 2.0 5.0 1.0 6.0 3.0 0.0 7.0
15 10 5 4.0 2.0 5.0 1.0 6.0 3.0 7.0 0.0
16 9 7 3.0 1.0 0.0 2.0 4.0 6.0 5.0 7.0
16 8 8 3.0 4.0 0.0 2.0 6.0 1.0 5.0 7.0
16 8 8 3.0 1.0 0.0 2.0 6.0 5.0 4.0 7.0
16 10 7 3.0 1.0 4.0 0.0 6.0 5.0 7.0 2.0
16 9 7 2.0 0.0 4.0 7.0 6.0 1.0 5.0 3.0
16 9 7 2.0 1.0 4.0 7.0 6.0 5.0 0.0 3.0
16 10 6 4.0 6.0 3.0 7.0 2.0 5.0 0.0 1.0
16 9 7 7.0 1.0 0.0 4.0 6.0 3.0 5.0 2.0
16 9 7 0.0 7.0 1.0 4.0 6.0 3.0 5.0 2.0
16 9 7 7.0 3.0 0.0 4.0 6.0 5.0 1.0 2.0
16 9 7 3.0 6.0 7.0 4.0 0.0 2.0 5.0 1.0
16 10 7 3.0 1.0 0.0 2.0 7.0 6.0 5.0 4.0
16 9 7 3.0 0.0 1.0 4.0 6.0 7.0 5.0 2.0
16 9 7 7.0 0.0 6.0 4.0 3.0 2.0 1.0 5.0
16 9 7 7.0 6.0 1.0 4.0 0.0 3.0 2.0 5.0
16 11 5 3.0 5.0 0.0 4.0 2.0 6.0 7.0 1.0
16 12 6 2.0 5.0 0.0 4.0 6.0 1.0 7.0 3.0
16 10 6 0.0 6.0 1.0 4.0 3.0 2.0 7.0 5.0
16 8 8 2.0 4.0 0.0 3.0 6.0 1.0 5.0 7.0
16 8 8 2.0 1.0 0.0 3.0 6.0 5.0 4.0 7.0
16 9 7 2.0 1.0 4.0 0.0 6.0 5.0 7.0 3.0
16 9 7 2.0 1.0 4.0 0.0 7.0 3.0 6.0 5.0
16 9 7 2.0 1.0 6.0 4.0 7.0 3.0 0.0 5.0
16 10 6 5.0 1.0 4.0 3.0 2.0 0.0 6.0 7.0
16 10 6 5.0 4.0 0.0 3.0 2.0 1.0 6.0 7.0
16 10 6 3.0 0.0 4.0 7.0 2.0 5.0 1.0 6.0
16 9 7 0.0 6.0 1.0 5.0 3.0 2.0 7.0 4.0
16 9 7 3.0 6.0 0.0 5.0 2.0 7.0 1.0 4.0
16 9 7 2.0 1.0 4.0 7.0 6.0 0.0 3.0 5.0
16 9 7 2.0 1.0 0.0 7.0 6.0 3.0 4.0 5.0
16 9 7 6.0 1.0 4.0 7.0 3.0 0.0 2.0 5.0
16 9 7 6.0 1.0 0.0 7.0 3.0 2.0 4.0 5.0
16 11 5 1.0 0.0 7.0 4.0 2.0 5.0 6.0 3.0
16 12 4 1.0 0.0 5.0 7.0 3.0 2.0 6.0 4.0
16 10 6 0.0 6.0 3.0 4.0 7.0 2.0 1.0 5.0
16 10 6 0.0 6.0 3.0 4.0 2.0 7.0 1.0 5.0
16 14 2 1.0 3.0 5.0 7.0 2.0 6.0 4.0 0.0
16 12 4 1.0 7.0 5.0 0.0 2.0 3.0 6.0 4.0
16 9 7 4.0 3.0 0.0 2.0 6.0 5.0 1.0 7.0
16 9 7 3.0 0.0 6.0 7.0 4.0 2.0 1.0 5.0
16 9 7 3.0 0.0 1.0 7.0 4.0 6.0 2.0 5.0
16 10 6 3.0 1.0 5.0 4.0 7.0 6.0 0.0 2.0
16 11 5 3.0 2.0 5.0 4.0 7.0 1.0 6.0 0.0
16 8 8 0.0 4.0 6.0 1.0 3.0 2.0 5.0 7.0
16 9 7 4.0 0.0 6.0 7.0 3.0 2.0 1.0 5.0
16 9 7 4.0 6.0 1.0 7.0 0.0 3.0 2.0 5.0
16 9 7 4.0 0.0 1.0 7.0 3.0 6.0 2.0 5.0
16 10 6 3.0 7.0 0.0 4.0 2.0 1.0 6.0 5.0
16 9 7 6.0 1.0 7.0 3.0 2.0 5.0 0.0 4.0
16 9 7 6.0 5.0 1.0 3.0 0.0 2.0 7.0 4.0
16 9 7 6.0 5.0 1.0 3.0 2.0 7.0 0.0 4.0
16 9 7 2.0 3.0 7.0 1.0 6.0 0.0 5.0 4.0
16 9 7 6.0 0.0 3.0 1.0 4.0 2.0 5.0 7.0
16 10 6 1.0 6.0 3.0 0.0 4.0 2.0 5.0 7.0
16 9 7 4.0 6.0 1.0 0.0 2.0 5.0 3.0 7.0
15 10 5 4.0 6.0 1.0 7.0 2.0 5.0 3.0 0.0
16 9 7 4.0 0.0 6.0 1.0 2.0 5.0 3.0 7.0
16 11 5 0.0 6.0 3.0 4.0 2.0 5.0 7.0 1.0
16 10 6 4.0 6.0 0.0 7.0 2.0 1.0 3.0 5.0
16 9 7 6.0 4.0 1.0 3.0 2.0 5.0 0.0 7.0
16 9 7 6.0 4.0 3.0 0.0 2.0 5.0 1.0 7.0
15 10 5 6.0 4.0 3.0 7.0 2.0 5.0 1.0 0.0
16 9 7 6.0 5.0 4.0 3.0 2.0 1.0 0.0 7.0
16 12 5 0.0 1.0 4.0 7.0 2.0 3.0 6.0 5.0
16 10 6 0.0 3.0 6.0 4.0 5.0 7.0 1.0 2.0
16 10 6 3.0 7.0 6.0 4.0 5.0 0.0 1.0 2.0
16 11 6 0.0 6.0 3.0 1.0 2.0 5.0 7.0 4.0
16 10 6 6.0 5.0 3.0 1.0 2.0 0.0 7.0 4.0
16 10 6 6.0 3.0 7.0 1.0 2.0 0.0 5.0 4.0
16 10 6 1.0 5.0 6.0 4.0 0.0 3.0 2.0 7.0
16 10 6 1.0 0.0 6.0 4.0 3.0 5.0 2.0 7.0
16 10 6 4.0 3.0 1.0 6.0 2.0 0.0 5.0 7.0
16 9 7 3.0 0.0 1.0 7.0 6.0 5.0 4.0 2.0
16 10 6 2.0 4.0 3.0 5.0 0.0 6.0 1.0 7.0
16 9 7 3.0 0.0 5.0 4.0 6.0 1.0 2.0 7.0
16 11 5 2.0 3.0 6.0 4.0 1.0 5.0 7.0 0.0
16 12 6 0.0 5.0 6.0 4.0 3.0 2.0 7.0 1.0
16 10 6 0.0 5.0 1.0 4.0 6.0 2.0 7.0 3.0
16 11 5 6.0 5.0 1.0 4.0 3.0 2.0 7.0 0.0
16 10 6 6.0 1.0 4.0 7.0 2.0 0.0 3.0 5.0
16 10 6 6.0 1.0 0.0 7.0 2.0 3.0 4.0 5.0
16 12 6 6.0 3.0 5.0 4.0 1.0 0.0 7.0 2.0
16 9 7 7.0 3.0 6.0 4.0 0.0 2.0 1.0 5.0
16 9 7 6.0 0.0 1.0 4.0 3.0 7.0 2.0 5.0
16 11 5 2.0 7.0 3.0 1.0 4.0 6.0 5.0 0.0
16 9 7 0.0 5.0 6.0 1.0 3.0 2.0 7.0 4.0
16 10 6 3.0 5.0 6.0 1.0 4.0 2.0 7.0 0.0
16 9 7 3.0 7.0 0.0 1.0 2.0 6.0 5.0 4.0
16 10 6 0.0 5.0 1.0 4.0 6.0 3.0 7.0 2.0
16 11 5 6.0 5.0 1.0 4.0 2.0 3.0 7.0 0.0
16 10 6 0.0 5.0 3.0 4.0 6.0 2.0 1.0 7.0
16 11 5 6.0 5.0 3.0 4.0 7.0 2.0 1.0 0.0
16 11 5 2.0 6.0 3.0 4.0 7.0 5.0 1.0 0.0
16 11 6 2.0 3.0 4.0 7.0 0.0 6.0 5.0 1.0
16 9 7 6.0 5.0 0.0 4.0 3.0 1.0 2.0 7.0
16 9 7 0.0 6.0 5.0 4.0 3.0 1.0 2.0 7.0
16 9 7 0.0 1.0 5.0 4.0 6.0 3.0 2.0 7.0
16 10 6 6.0 1.0 5.0 4.0 7.0 3.0 2.0 0.0
16 9 7 5.0 6.0 0.0 4.0 3.0 2.0 1.0 7.0
16 11 5 1.0 6.0 3.0 7.0 2.0 5.0 0.0 4.0
16 10 6 1.0 5.0 6.0 3.0 2.0 0.0 4.0 7.0
16 11 5 1.0 0.0 6.0 7.0 2.0 5.0 4.0 3.0
16 12 4 2.0 7.0 3.0 4.0 1.0 6.0 5.0 0.0
16 11 6 2.0 3.0 4.0 0.0 5.0 1.0 6.0 7.0
16 10 6 2.0 6.0 1.0 4.0 5.0 3.0 0.0 7.0
15 11 4 2.0 6.0 1.0 4.0 5.0 3.0 7.0 0.0
16 13 5 1.0 4.0 5.0 0.0 3.0 6.0 7.0 2.0
16 10 6 1.0 6.0 0.0 7.0 3.0 5.0 4.0 2.0
16 10 6 0.0 6.0 5.0 4.0 2.0 1.0 3.0 7.0
16 12 4 1.0 2.0 4.0 7.0 5.0 3.0 6.0 0.0
16 11 5 1.0 2.0 0.0 7.0 3.0 6.0 4.0 5.0
16 11 5 1.0 0.0 3.0 6.0 2.0 5.0 7.0 4.0
16 11 5 1.0 3.0 7.0 6.0 2.0 5.0 0.0 4.0
16 11 5 2.0 4.0 3.0 5.0 0.0 6.0 7.0 1.0
16 11 6 7.0 2.0 1.0 4.0 3.0 0.0 6.0 5.0
16 9 7 3.0 0.0 5.0 1.0 4.0 6.0 2.0 7.0
16 12 4 2.0 3.0 5.0 4.0 1.0 7.0 6.0 0.0
16 9 7 4.0 6.0 5.0 1.0 0.0 3.0 2.0 7.0
16 9 7 4.0 0.0 5.0 1.0 3.0 6.0 2.0 7.0
16 9 7 3.0 0.0 5.0 1.0 7.0 6.0 2.0 4.0
16 9 7 3.0 6.0 5.0 1.0 0.0 7.0 2.0 4.0
16 10 6 6.0 3.0 4.0 7.0 1.0 0.0 5.0 2.0
16 10 6 3.0 2.0 0.0 4.0 7.0 1.0 6.0 5.0
16 10 6 0.0 2.0 6.0 4.0 3.0 7.0 1.0 5.0
16 13 3 6.0 2.0 3.0 4.0 1.0 5.0 7.0 0.0
16 12 4 6.0 2.0 3.0 1.0 4.0 5.0 7.0 0.0
16 11 5 0.0 4.0 3.0 1.0 2.0 6.0 7.0 5.0
16 11 5 1.0 2.0 5.0 4.0 7.0 0.0 6.0 3.0
16 9 7 3.0 6.0 4.0 2.0 5.0 1.0 0.0 7.0
15 10 5 3.0 6.0 4.0 2.0 5.0 1.0 7.0 0.0
16 11 5 6.0 5.0 3.0 4.0 2.0 0.0 7.0 1.0
16 10 6 7.0 0.0 1.0 4.0 2.0 6.0 5.0 3.0
16 10 6 7.0 1.0 5.0 4.0 2.0 6.0 0.0 3.0
16 11 5 5.0 1.0 0.0 4.0 2.0 6.0 7.0 3.0
16 11 5 0.0 5.0 1.0 4.0 2.0 6.0 7.0 3.0
16 10 6 2.0 3.0 1.0 5.0 0.0 7.0 6.0 4.0
16 12 4 6.0 3.0 0.0 7.0 2.0 4.0 1.0 5.0
16 11 6 4.0 6.0 1.0 7.0 2.0 5.0 0.0 3.0
16 10 6 4.0 0.0 1.0 7.0 2.0 6.0 5.0 3.0
16 10 6 7.0 0.0 4.0 3.0 2.0 1.0 6.0 5.0
16 12 4 4.0 0.0 5.0 7.0 2.0 1.0 6.0 3.0
16 11 5 1.0 2.0 5.0 3.0 7.0 0.0 6.0 4.0
16 10 6 1.0 6.0 7.0 3.0 2.0 0.0 4.0 5.0
16 10 6 1.0 7.0 0.0 3.0 2.0 6.0 4.0 5.0
16 9 7 2.0 6.0 4.0 3.0 5.0 1.0 0.0 7.0
15 10 5 2.0 6.0 4.0 3.0 5.0 1.0 7.0 0.0
16 11 5 7.0 3.0 4.0 0.0 2.0 5.0 6.0 1.0
16 11 6 2.0 1.0 5.0 4.0 7.0 6.0 0.0 3.0
16 10 6 2.0 0.0 1.0 4.0 7.0 6.0 5.0 3.0
16 11 5 1.0 0.0 7.0 3.0 2.0 5.0 6.0 4.0
16 10 6 2.0 0.0 6.0 1.0 5.0 3.0 7.0 4.0
16 11 5 1.0 0.0 6.0 4.0 2.0 5.0 7.0 3.0
16 10 6 3.0 2.0 6.0 4.0 7.0 5.0 0.0 1.0
16 10 6 3.0 2.0 6.0 4.0 0.0 7.0 5.0 1.0
16 10 6 6.0 2.0 1.0 4.0 7.0 5.0 0.0 3.0
16 10 6 6.0 2.0 1.0 4.0 0.0 7.0 5.0 3.0
16 13 5 0.0 5.0 1.0 4.0 3.0 6.0 7.0 2.0
16 12 4 3.0 5.0 1.0 4.0 2.0 6.0 7.0 0.0
16 10 6 0.0 3.0 4.0 7.0 5.0 6.0 1.0 2.0
16 10 6 3.0 4.0 0.0 7.0 5.0 6.0 1.0 2.0
16 9 7 6.0 3.0 4.0 2.0 0.0 1.0 5.0 7.0
16 11 5 1.0 4.0 0.0 5.0 3.0 6.0 7.0 2.0
16 10 6 3.0 7.0 0.0 4.0 2.0 6.0 5.0 1.0
16 10 6 7.0 1.0 0.0 4.0 3.0 6.0 2.0 5.0
16 10 6 0.0 7.0 1.0 4.0 3.0 6.0 2.0 5.0
16 11 5 6.0 2.0 5.0 4.0 0.0 1.0 7.0 3.0
16 9 7 6.0 2.0 4.0 3.0 0.0 1.0 5.0 7.0
16 11 5 3.0 1.0 5.0 7.0 2.0 0.0 4.0 6.0
16 10 6 1.0 2.0 4.0 5.0 3.0 0.0 6.0 7.0
16 10 6 1.0 4.0 0.0 5.0 3.0 2.0 6.0 7.0
16 13 3 4.0 1.0 5.0 7.0 2.0 3.0 6.0 0.0
16 11 5 2.0 3.0 0.0 7.0 6.0 4.0 1.0 5.0
16 9 7 3.0 2.0 6.0 1.0 0.0 4.0 5.0 7.0
16 9 7 3.0 2.0 6.0 1.0 4.0 5.0 0.0 7.0
15 10 5 3.0 2.0 6.0 1.0 4.0 5.0 7.0 0.0
16 9 7 4.0 3.0 6.0 1.0 0.0 2.0 5.0 7.0
16 10 6 1.0 3.0 6.0 0.0 4.0 2.0 5.0 7.0
15 11 4 1.0 3.0 6.0 7.0 4.0 2.0 5.0 0.0
16 10 6 0.0 6.0 1.0 7.0 3.0 4.0 2.0 5.0
16 11 5 3.0 6.0 1.0 7.0 5.0 4.0 2.0 0.0
16 9 7 4.0 2.0 6.0 1.0 0.0 3.0 5.0 7.0
16 9 7 4.0 2.0 6.0 1.0 3.0 5.0 0.0 7.0
15 10 5 4.0 2.0 6.0 1.0 3.0 5.0 7.0 0.0
16 9 7 3.0 2.0 6.0 1.0 7.0 5.0 0.0 4.0
16 9 7 3.0 2.0 6.0 1.0 0.0 7.0 5.0 4.0
16 9 7 7.0 3.0 6.0 1.0 0.0 2.0 5.0 4.0
16 10 6 1.0 3.0 6.0 0.0 7.0 2.0 5.0 4.0
16 13 5 4.0 2.0 3.0 7.0 0.0 6.0 1.0 5.0
16 10 6 3.0 6.0 0.0 5.0 2.0 4.0 1.0 7.0
16 10 6 3.0 4.0 5.0 7.0 6.0 0.0 1.0 2.0
16 10 6 0.0 1.0 5.0 4.0 3.0 6.0 2.0 7.0
16 11 5 3.0 1.0 5.0 4.0 7.0 6.0 2.0 0.0
16 11 5 2.0 0.0 6.0 4.0 5.0 3.0 7.0 1.0
16 10 6 3.0 5.0 1.0 0.0 2.0 7.0 6.0 4.0
16 10 6 6.0 2.0 5.0 4.0 0.0 1.0 3.0 7.0
16 10 6 5.0 2.0 6.0 4.0 3.0 1.0 0.0 7.0
15 11 4 5.0 2.0 6.0 4.0 3.0 1.0 7.0 0.0
16 11 5 2.0 1.0 3.0 4.0 5.0 0.0 6.0 7.0
16 13 5 1.0 4.0 5.0 2.0 0.0 3.0 6.0 7.0
16 13 4 0.0 5.0 3.0 4.0 2.0 6.0 7.0 1.0
16 13 3 2.0 5.0 3.0 4.0 1.0 6.0 7.0 0.0
16 10 6 0.0 6.0 5.0 1.0 3.0 4.0 2.0 7.0
16 11 5 3.0 6.0 5.0 1.0 7.0 4.0 2.0 0.0
16 12 4 2.0 5.0 3.0 1.0 4.0 6.0 7.0 0.0
16 13 5 1.0 5.0 0.0 4.0 2.0 6.0 3.0 7.0
16 11 5 1.0 6.0 5.0 4.0 2.0 0.0 3.0 7.0
16 10 6 0.0 3.0 4.0 2.0 5.0 6.0 1.0 7.0
16 10 6 3.0 4.0 0.0 2.0 5.0 6.0 1.0 7.0
16 12 4 2.0 3.0 1.0 5.0 7.0 4.0 6.0 0.0
16 10 6 2.0 4.0 0.0 3.0 5.0 6.0 1.0 7.0
16 16 0 1.0 3.0 5.0 7.0 2.0 4.0 6.0 0.0
