10 0 10 3 6 7 0 2 4 1 5
9 1 8 3 6 7 5 2 4 1 0
11 1 10 3 6 0 7 2 4 1 5
10 2 8 3 6 1 7 2 4 0 5
9 3 6 3 6 1 7 2 4 5 0
12 2 10 3 6 7 5 2 4 0 1
12 2 10 3 0 6 7 2 4 1 5
12 4 8 3 6 1 0 2 4 5 7
13 3 10 3 6 7 1 2 4 0 5
12 4 8 3 6 7 1 2 4 5 0
13 3 10 3 6 1 7 2 0 4 5
13 3 10 3 6 0 5 2 4 7 1
12 4 8 3 6 5 0 2 4 7 1
11 5 6 3 6 5 1 2 4 7 0
13 3 10 0 3 6 7 2 4 1 5
12 6 6 5 3 6 7 2 4 1 0
13 3 10 3 4 6 7 2 0 1 5
12 4 8 3 4 6 7 2 1 0 5
11 5 6 3 4 6 7 2 1 5 0
13 5 8 3 4 0 7 2 1 6 5
14 4 10 3 6 0 5 2 4 1 7
13 5 8 3 6 1 5 2 4 0 7
12 6 6 3 6 1 5 2 4 7 0
13 5 8 3 6 5 0 2 4 1 7
12 6 6 3 6 5 7 2 4 1 0
14 4 10 3 6 0 1 2 4 7 5
13 5 8 3 6 1 0 2 4 7 5
14 4 10 3 0 1 7 2 6 4 5
13 5 8 3 1 0 7 2 6 4 5
12 6 6 3 1 4 7 2 6 0 5
11 7 4 3 1 4 7 2 6 5 0
13 7 6 3 1 4 7 2 0 6 5
14 4 10 3 0 6 5 2 4 7 1
14 6 8 3 6 5 1 2 4 0 7
14 4 10 2 3 6 7 0 4 1 5
12 6 6 2 3 6 7 5 4 1 0
14 6 8 3 4 6 0 2 1 5 7
14 6 8 3 0 4 7 2 1 6 5
14 6 8 3 4 7 0 2 1 6 5
13 7 6 3 4 7 5 2 1 6 0
14 6 8 3 1 7 0 2 6 4 5
13 7 6 3 1 7 5 2 6 4 0
14 8 6 3 1 4 0 2 6 5 7
15 3 12 3 6 7 5 2 0 4 1
15 5 10 3 6 0 1 2 4 5 7
15 5 10 3 6 7 0 2 4 5 1
15 7 8 3 6 5 7 2 4 0 1
15 5 10 7 3 6 0 2 4 1 5
14 6 8 7 3 6 5 2 4 1 0
15 7 8 5 3 6 7 2 4 0 1
15 7 8 5 3 6 0 2 4 1 7
15 5 10 3 0 6 5 2 4 1 7
15 5 10 3 0 6 1 2 4 7 5
15 5 10 0 3 1 7 2 6 4 5
12 8 4 5 3 1 7 2 6 4 0
15 5 10 0 3 6 5 2 4 7 1
10 8 2 1 3 6 5 2 4 7 0
13 9 4 1 3 6 0 2 4 7 5
13 9 4 1 3 6 5 2 4 0 7
14 10 4 1 3 0 6 2 4 7 5
14 10 4 1 3 0 5 2 4 6 7
13 11 2 1 3 5 0 2 4 6 7
12 12 0 1 3 5 7 2 4 6 0
