7 0 7 3 6 4 7 0 1 5 2
7 2 5 3 6 4 7 2 1 5 0
8 1 7 3 6 4 7 1 0 5 2
8 1 7 0 6 4 7 3 1 5 2
9 3 6 3 6 4 7 2 1 0 5
9 2 7 3 6 4 7 1 5 0 2
9 2 7 3 0 4 7 1 6 5 2
9 2 7 6 0 4 7 3 1 5 2
9 3 6 3 6 4 7 1 5 2 0
9 3 6 0 3 4 7 1 6 5 2
9 4 5 1 3 4 7 0 6 5 2
9 6 3 1 3 4 7 2 6 5 0
10 3 7 3 0 4 7 6 1 5 2
10 3 7 3 6 4 0 2 1 5 7
10 4 6 1 6 4 7 3 0 5 2
10 4 6 2 6 4 7 3 1 5 0
10 4 6 3 6 4 7 2 0 1 5
10 4 6 3 6 0 7 2 1 4 5
10 3 7 3 6 0 7 1 5 4 2
10 3 7 3 4 0 7 1 6 5 2
10 3 7 6 1 4 7 3 0 5 2
10 3 7 6 4 0 7 3 1 5 2
10 5 5 1 3 4 7 6 0 5 2
10 4 6 0 3 4 7 6 1 5 2
10 4 6 3 4 5 7 1 6 0 2
10 4 6 6 4 5 7 3 1 0 2
10 5 5 3 4 5 7 1 6 2 0
10 5 5 3 4 5 7 1 0 6 2
10 5 5 6 4 5 7 3 1 2 0
10 6 4 3 0 5 7 1 4 6 2
10 7 3 0 3 5 7 1 4 6 2
10 8 2 1 3 5 7 0 4 6 2
10 10 0 1 3 5 7 2 4 6 0
