12 0 12 4 3 0 5 7 1 6 2
11 1 10 4 3 5 0 7 1 6 2
10 2 8 4 3 5 2 7 1 6 0
13 1 12 4 3 6 5 7 1 0 2
12 2 10 4 3 6 5 7 1 2 0
13 3 10 4 3 5 2 7 1 0 6
14 4 10 4 3 5 6 7 1 0 2
13 5 8 4 3 5 6 7 1 2 0
14 4 10 4 3 5 7 0 1 6 2
10 6 4 4 3 5 7 2 1 6 0
13 5 8 4 3 5 7 1 0 6 2
13 7 6 4 3 5 7 2 1 0 6
13 7 6 4 3 5 0 2 1 6 7
14 4 10 4 3 5 2 0 1 6 7
13 5 8 4 3 5 2 1 0 6 7
14 6 8 4 3 5 7 1 6 0 2
13 7 6 4 3 5 7 1 6 2 0
14 6 8 4 3 5 2 1 6 0 7
13 7 6 4 3 5 2 1 6 7 0
15 1 14 4 0 3 5 7 1 6 2
14 2 12 4 1 3 5 7 0 6 2
15 3 12 0 3 5 4 7 1 6 2
12 6 6 2 3 5 4 7 1 6 0
14 6 8 1 3 5 4 7 0 6 2
15 3 12 4 3 6 0 7 1 2 5
15 5 10 0 3 5 7 4 1 6 2
12 8 4 2 3 5 7 4 1 6 0
14 8 6 1 3 5 7 4 0 6 2
15 5 10 0 3 5 2 4 1 6 7
13 7 6 2 3 5 0 4 1 6 7
14 8 6 1 3 5 2 4 0 6 7
15 3 12 4 1 3 5 7 6 0 2
14 4 10 4 1 3 5 7 6 2 0
15 3 12 4 1 3 5 0 7 6 2
11 5 6 4 1 3 5 2 7 6 0
14 6 8 4 1 3 0 2 7 6 5
14 6 8 4 1 3 5 2 7 0 6
15 7 8 2 3 5 0 7 1 6 4
15 7 8 2 3 5 4 7 1 0 6
15 7 8 1 3 5 4 7 6 0 2
14 8 6 1 3 5 4 7 6 2 0
15 7 8 1 3 5 4 0 7 6 2
11 9 2 1 3 5 4 2 7 6 0
14 10 4 1 3 5 0 2 7 6 4
14 10 4 1 3 5 4 2 7 0 6
15 9 6 2 3 5 7 4 1 0 6
15 9 6 1 3 5 7 0 4 6 2
11 11 0 1 3 5 7 2 4 6 0
