6 0 6 4 3 0 5 7 1 6 2
6 1 5 4 3 5 0 7 1 6 2
6 2 4 4 3 5 2 7 1 6 0
8 1 7 4 0 3 5 7 1 6 2
8 1 7 4 3 6 5 7 1 0 2
8 3 5 0 3 5 4 7 1 6 2
8 4 4 4 3 5 7 0 1 6 2
8 2 6 4 3 6 5 7 1 2 0
8 6 2 4 3 5 7 2 1 6 0
9 3 6 4 3 5 2 7 1 0 6
9 4 5 4 3 5 2 0 1 6 7
9 2 7 4 1 3 5 7 0 6 2
9 2 7 0 4 3 5 7 1 6 2
9 2 7 4 3 6 5 7 0 1 2
9 4 5 7 3 5 4 0 1 6 2
9 5 4 4 3 5 7 1 0 6 2
9 5 4 0 3 5 7 4 1 6 2
9 3 6 4 1 3 5 7 6 0 2
9 6 3 7 3 5 4 2 1 6 0
9 4 5 4 1 3 5 7 6 2 0
10 4 6 4 3 5 6 7 1 0 2
10 5 5 0 3 5 2 7 1 6 4
10 4 6 3 0 5 4 7 1 6 2
10 6 4 1 3 5 4 7 0 6 2
10 6 4 2 3 5 4 7 1 6 0
10 3 7 4 3 6 0 7 1 2 5
10 4 6 4 3 5 2 7 0 1 6
10 5 5 4 3 5 2 1 0 6 7
10 5 5 0 3 5 2 4 1 6 7
10 3 7 4 1 3 5 0 7 6 2
10 3 7 7 4 3 5 0 1 6 2
10 3 7 4 3 6 5 0 7 1 2
10 5 5 7 3 5 4 1 0 6 2
10 5 5 4 3 5 6 7 1 2 0
10 5 5 4 1 3 5 2 7 6 0
10 5 5 7 4 3 5 2 1 6 0
10 5 5 4 3 6 5 2 7 1 0
11 5 6 4 3 0 2 7 1 6 5
11 4 7 4 3 6 5 0 1 2 7
11 7 4 4 3 5 7 2 1 0 6
11 7 4 4 3 5 0 2 1 6 7
11 4 7 4 3 0 2 7 1 5 6
11 4 7 5 4 3 0 7 1 6 2
11 5 6 1 4 3 5 7 0 6 2
11 5 6 2 4 3 5 7 1 6 0
11 3 8 4 0 6 5 7 3 1 2
11 6 5 4 0 5 7 1 3 6 2
11 6 5 4 3 5 7 1 6 0 2
11 6 5 3 0 5 7 4 1 6 2
11 8 3 1 3 5 7 4 0 6 2
11 8 3 2 3 5 7 4 1 6 0
11 4 7 4 1 0 5 7 6 3 2
11 7 4 7 3 5 0 2 1 6 4
11 5 6 4 1 3 0 7 6 2 5
11 5 6 4 3 5 6 7 0 1 2
11 6 5 7 3 5 2 0 1 6 4
11 5 6 3 1 5 4 7 0 6 2
11 7 4 1 3 5 4 0 7 6 2
11 4 7 4 3 0 6 7 1 2 5
11 5 6 4 3 5 2 0 7 1 6
11 4 7 0 1 3 5 4 7 6 2
11 4 7 7 4 3 5 1 0 6 2
11 4 7 0 3 6 5 4 7 1 2
11 5 6 5 4 3 2 7 1 6 0
11 6 5 1 0 3 5 7 4 6 2
11 6 5 1 4 3 5 7 6 0 2
11 7 4 4 3 5 7 1 6 2 0
11 9 2 1 3 5 7 0 4 6 2
11 9 2 1 3 5 4 2 7 6 0
11 5 6 1 0 3 5 4 7 6 2
11 5 6 7 0 3 5 1 4 6 2
11 5 6 7 4 3 5 1 6 0 2
11 7 4 1 3 0 5 7 4 6 2
11 7 4 1 4 3 5 7 6 2 0
11 11 0 1 3 5 7 2 4 6 0
