7 0 7 5 7 1 0 4 3 6 2
7 1 6 5 7 1 2 4 3 6 0
8 1 7 5 7 0 1 4 3 6 2
9 2 7 0 7 1 5 4 3 6 2
9 2 7 5 0 7 1 4 3 6 2
9 3 6 5 3 7 1 4 0 6 2
9 4 5 5 3 7 1 0 4 6 2
9 6 3 5 3 7 1 2 4 6 0
10 3 7 5 7 1 4 0 3 6 2
10 2 8 5 7 1 2 4 3 0 6
10 3 7 5 7 1 2 0 3 6 4
10 2 8 5 7 6 1 4 3 0 2
10 3 7 4 7 1 5 0 3 6 2
10 3 7 7 0 1 5 4 3 6 2
10 3 7 0 5 7 1 4 3 6 2
10 5 5 0 3 7 1 5 4 6 2
10 4 6 0 7 1 4 5 3 6 2
10 5 5 5 7 1 4 2 3 6 0
10 3 7 5 7 6 1 4 3 2 0
10 5 5 4 7 1 5 2 3 6 0
10 4 6 7 3 1 5 4 0 6 2
10 5 5 7 3 1 5 0 4 6 2
10 7 3 7 3 1 5 2 4 6 0
11 3 8 5 7 1 6 4 3 0 2
11 4 7 5 7 0 2 4 3 6 1
11 4 7 0 7 1 2 4 3 6 5
11 5 6 2 7 1 5 4 3 6 0
11 4 7 5 3 7 1 4 6 0 2
11 7 4 5 3 7 0 2 4 6 1
11 4 7 5 7 1 4 3 0 6 2
11 3 8 5 7 0 2 4 3 1 6
11 3 8 5 7 1 2 4 0 3 6
11 4 7 5 7 1 2 3 0 6 4
11 4 7 0 7 1 2 5 3 6 4
11 3 8 5 7 6 1 4 0 3 2
11 4 7 4 7 1 5 3 0 6 2
11 4 7 7 1 0 5 4 3 6 2
11 4 7 4 5 7 1 0 3 6 2
11 5 6 1 5 7 0 4 3 6 2
11 7 4 1 3 7 0 5 4 6 2
11 5 6 7 0 1 4 5 3 6 2
11 6 5 0 3 1 5 7 4 6 2
11 4 7 5 7 1 6 4 3 2 0
11 5 6 5 3 7 1 4 6 2 0
11 5 6 5 3 0 1 4 6 7 2
11 8 3 5 3 0 7 2 4 6 1
11 5 6 5 7 1 4 3 6 0 2
11 4 7 5 7 1 2 0 4 3 6
11 4 7 5 7 6 1 0 4 3 2
11 5 6 7 1 5 0 4 3 6 2
11 6 5 4 5 7 1 2 3 6 0
11 6 5 1 5 7 2 4 3 6 0
11 6 5 1 5 0 7 4 3 6 2
11 8 3 1 3 7 2 5 4 6 0
11 8 3 1 3 0 7 5 4 6 2
11 6 5 5 0 3 1 4 6 7 2
11 6 5 5 7 1 4 3 6 2 0
11 6 5 5 7 6 1 2 4 3 0
11 6 5 7 1 5 2 4 3 6 0
11 7 4 1 0 5 7 4 3 6 2
11 8 3 1 3 5 7 4 0 6 2
11 9 2 1 3 5 7 0 4 6 2
11 11 0 1 3 5 7 2 4 6 0
