12 0 12 5 7 1 0 4 3 6 2
11 1 10 5 7 1 2 4 3 6 0
14 2 12 5 7 1 2 4 3 0 6
15 1 14 5 7 0 1 4 3 6 2
14 2 12 5 7 6 1 4 3 0 2
13 3 10 5 7 6 1 4 3 2 0
15 3 12 5 7 1 4 0 3 6 2
11 5 6 5 7 1 4 2 3 6 0
14 6 8 5 7 1 0 2 3 6 4
14 6 8 5 7 1 4 2 3 0 6
15 3 12 5 7 1 6 4 3 0 2
14 4 10 5 7 1 6 4 3 2 0
15 3 12 5 7 1 2 0 3 6 4
16 2 14 0 7 1 5 4 3 6 2
13 5 8 2 7 1 5 4 3 6 0
16 2 14 5 0 7 1 4 3 6 2
15 3 12 5 3 7 1 4 0 6 2
16 4 12 5 7 6 0 4 3 2 1
16 4 12 5 7 1 4 3 0 6 2
15 5 10 5 7 1 4 3 6 0 2
14 6 8 5 7 1 4 3 6 2 0
16 4 12 0 7 1 4 5 3 6 2
13 7 6 2 7 1 4 5 3 6 0
16 4 12 5 7 1 2 3 0 6 4
15 5 10 5 7 1 2 3 6 0 4
14 6 8 5 7 1 2 3 6 4 0
16 4 12 0 7 1 2 5 3 6 4
14 6 8 2 7 1 0 5 3 6 4
16 6 10 2 7 1 0 4 3 6 5
16 6 10 2 7 1 5 4 3 0 6
16 4 12 5 3 7 1 0 4 6 2
12 6 6 5 3 7 1 2 4 6 0
15 7 8 5 3 7 0 1 4 6 2
14 8 6 5 3 7 2 1 4 6 0
15 7 8 5 3 7 0 2 4 6 1
15 7 8 5 3 7 1 2 4 0 6
16 4 12 5 3 7 1 4 6 0 2
15 5 10 5 3 7 1 4 6 2 0
16 8 8 2 7 1 4 5 3 0 6
16 8 8 5 3 0 7 1 4 6 2
16 8 8 5 3 0 7 2 4 6 1
16 8 8 5 3 0 1 2 4 7 6
15 9 6 5 3 1 0 2 4 7 6
14 10 4 5 3 1 6 2 4 7 0
17 3 14 5 7 0 2 4 3 1 6
16 4 12 5 7 2 0 4 3 1 6
15 5 10 5 7 2 6 4 3 1 0
17 3 14 5 7 1 2 4 0 3 6
17 3 14 5 7 6 1 4 0 3 2
17 5 12 5 7 6 1 0 3 2 4
16 8 8 5 7 6 0 1 3 2 4
15 9 6 5 7 6 4 1 3 2 0
17 7 10 5 7 0 1 2 3 6 4
16 8 8 5 7 6 1 2 3 0 4
15 9 6 5 7 6 1 2 3 4 0
17 9 8 5 7 1 6 2 3 0 4
16 10 6 5 7 1 6 2 3 4 0
17 7 10 5 7 0 4 2 3 1 6
17 7 10 5 7 1 4 2 0 3 6
17 5 12 5 7 1 0 4 3 2 6
17 3 14 4 7 1 5 0 3 6 2
13 5 8 4 7 1 5 2 3 6 0
16 4 12 4 7 1 5 3 0 6 2
16 6 10 4 7 1 0 2 3 6 5
16 6 10 4 7 1 5 2 3 0 6
17 3 14 7 0 1 5 4 3 6 2
16 4 12 7 1 0 5 4 3 6 2
15 5 10 7 1 5 0 4 3 6 2
14 6 8 7 1 5 2 4 3 6 0
16 4 12 7 3 1 5 4 0 6 2
17 5 12 3 7 1 5 4 0 6 2
17 3 14 0 5 7 1 4 3 6 2
13 5 8 1 5 7 0 4 3 6 2
12 6 6 1 5 7 2 4 3 6 0
14 6 8 2 5 7 1 4 3 6 0
14 6 8 1 5 0 7 4 3 6 2
13 7 6 1 5 6 7 4 3 0 2
12 8 4 1 5 6 7 4 3 2 0
15 7 8 1 5 7 2 4 3 0 6
15 7 8 1 0 5 7 4 3 6 2
14 8 6 1 3 5 7 4 0 6 2
15 9 6 1 5 6 0 4 3 2 7
15 9 6 1 3 5 7 0 4 6 2
11 11 0 1 3 5 7 2 4 6 0
