8 0 8 5 2 4 7 1 0 6 3
7 1 6 5 2 4 7 1 6 0 3
6 2 4 5 2 4 7 1 6 3 0
8 2 6 5 2 0 7 1 6 4 3
9 3 6 5 2 4 0 1 6 3 7
9 3 6 5 2 7 0 1 6 4 3
8 4 4 5 2 7 3 1 6 4 0
10 4 6 5 2 0 4 1 6 3 7
9 5 4 5 2 3 4 1 6 0 7
8 6 2 5 2 3 4 1 6 7 0
11 1 10 5 2 4 7 0 1 6 3
7 3 4 5 2 4 7 3 1 6 0
10 4 6 5 2 4 7 3 1 0 6
10 4 6 5 2 4 0 3 1 6 7
11 1 10 5 0 4 7 1 2 6 3
11 5 6 5 2 0 7 1 6 3 4
10 6 4 5 2 3 7 1 6 0 4
9 7 2 5 2 3 7 1 6 4 0
11 3 8 5 0 2 7 1 6 4 3
11 5 6 5 2 7 3 1 6 0 4
11 7 4 5 2 3 0 1 6 7 4
12 6 6 5 2 4 3 1 6 0 7
11 7 4 5 2 4 3 1 6 7 0
12 6 6 5 2 7 4 1 6 0 3
11 7 4 5 2 7 4 1 6 3 0
12 6 6 5 2 3 4 1 0 6 7
12 2 10 0 2 4 7 5 1 6 3
9 5 4 3 2 4 7 5 1 6 0
11 5 6 1 2 4 7 5 0 6 3
10 6 4 1 2 4 7 5 6 0 3
9 7 2 1 2 4 7 5 6 3 0
11 7 4 1 2 0 7 5 6 4 3
12 2 10 5 4 0 7 1 2 6 3
11 3 8 5 4 6 7 1 2 0 3
10 4 6 5 4 6 7 1 2 3 0
12 2 10 0 5 4 7 1 2 6 3
9 5 4 3 5 4 7 1 2 6 0
11 3 8 1 5 4 7 0 2 6 3
7 5 2 1 5 4 7 3 2 6 0
10 4 6 1 5 4 7 2 0 6 3
9 5 4 1 5 4 7 2 6 0 3
8 6 2 1 5 4 7 2 6 3 0
10 6 4 1 5 4 7 3 2 0 6
10 6 4 1 5 4 0 3 2 6 7
10 6 4 1 5 0 7 2 6 4 3
11 5 6 1 0 4 7 2 5 6 3
11 7 4 1 5 4 0 2 6 3 7
11 7 4 1 5 7 0 2 6 4 3
10 8 2 1 5 7 3 2 6 4 0
12 6 6 5 2 7 0 1 6 3 4
12 8 4 5 2 3 0 1 6 4 7
12 4 8 0 5 2 7 1 6 4 3
11 5 6 1 5 2 7 0 6 4 3
9 7 2 1 5 2 7 3 6 4 0
11 7 4 3 5 2 7 1 6 4 0
12 4 8 5 6 2 7 1 0 4 3
12 6 6 5 2 0 3 1 6 7 4
12 6 6 3 2 4 7 5 1 0 6
12 6 6 3 2 4 0 5 1 6 7
12 6 6 1 2 4 7 0 5 6 3
8 8 0 1 2 4 7 3 5 6 0
11 9 2 1 2 4 7 3 5 0 6
11 9 2 1 2 4 0 3 5 6 7
12 8 4 1 2 4 0 5 6 3 7
12 8 4 1 2 7 0 5 6 4 3
11 9 2 1 2 7 3 5 6 4 0
12 6 6 3 5 4 7 1 2 0 6
12 6 6 3 5 4 0 1 2 6 7
12 6 6 1 4 0 7 2 5 6 3
12 8 4 1 5 0 4 2 6 3 7
11 9 2 1 5 3 4 2 6 0 7
10 10 0 1 5 3 4 2 6 7 0
12 6 6 1 5 2 7 6 0 4 3
12 8 4 1 5 2 7 3 6 0 4
12 8 4 1 5 2 0 3 6 4 7
13 7 6 5 2 0 3 1 6 4 7
13 5 8 5 0 2 4 1 6 3 7
13 5 8 5 2 4 7 3 0 1 6
13 5 8 5 2 0 7 3 1 4 6
13 5 8 5 2 0 4 3 1 6 7
12 6 6 5 2 6 4 3 1 0 7
11 7 4 5 2 6 4 3 1 7 0
13 7 6 5 2 4 6 3 1 0 7
12 8 4 5 2 4 6 3 1 7 0
13 7 6 5 2 3 7 1 0 6 4
13 7 6 5 2 0 4 1 6 7 3
13 3 10 2 0 4 7 5 1 6 3
12 4 8 2 1 4 7 5 0 6 3
11 5 6 2 1 4 7 5 6 0 3
10 6 4 2 1 4 7 5 6 3 0
12 6 6 2 1 0 7 5 6 4 3
13 3 10 5 4 7 0 1 2 6 3
12 4 8 5 4 7 3 1 2 6 0
13 5 8 5 4 6 0 1 2 3 7
13 5 8 2 5 4 7 1 0 6 3
12 6 6 2 5 4 7 1 6 0 3
11 7 4 2 5 4 7 1 6 3 0
13 9 4 1 5 0 7 2 6 3 4
12 10 2 1 5 3 7 2 6 0 4
11 11 0 1 5 3 7 2 6 4 0
13 7 6 1 5 4 7 3 0 2 6
13 7 6 1 5 0 7 3 2 4 6
13 7 6 1 5 0 4 3 2 6 7
12 8 4 1 5 6 4 3 2 0 7
11 9 2 1 5 6 4 3 2 7 0
13 9 4 1 5 4 6 3 2 0 7
12 10 2 1 5 4 6 3 2 7 0
13 7 6 1 0 5 7 2 6 4 3
13 9 4 1 5 7 3 2 6 0 4
13 5 8 5 6 2 7 1 4 0 3
12 6 6 5 6 2 7 1 4 3 0
13 9 4 1 2 0 4 5 6 3 7
12 10 2 1 2 3 4 5 6 0 7
11 11 0 1 2 3 4 5 6 7 0
