12 0 12 5 6 3 2 4 0 7 1
13 1 12 5 6 3 2 0 4 7 1
9 3 6 5 6 3 2 1 4 7 0
12 4 8 5 6 3 0 2 4 7 1
11 5 6 5 6 3 1 2 4 7 0
12 4 8 5 6 3 0 1 4 7 2
12 4 8 5 6 3 2 1 4 0 7
13 1 12 5 0 3 2 4 6 7 1
13 1 12 5 6 3 2 4 7 0 1
12 2 10 5 6 3 2 4 7 1 0
13 5 8 5 6 3 2 1 0 4 7
14 2 12 0 6 3 2 5 4 7 1
9 5 4 1 6 3 2 5 4 7 0
12 4 8 2 6 3 0 5 4 7 1
11 5 6 2 6 3 1 5 4 7 0
12 6 6 1 6 3 0 5 4 7 2
12 6 6 1 6 3 2 5 4 0 7
13 7 6 1 6 3 2 5 0 4 7
14 6 8 5 6 3 1 2 4 0 7
14 2 12 5 3 0 2 4 6 7 1
13 3 10 5 3 2 0 4 6 7 1
12 4 8 5 3 2 1 4 6 7 0
14 2 12 0 5 3 2 4 6 7 1
9 5 4 1 5 3 2 4 6 7 0
12 4 8 2 5 3 0 4 6 7 1
11 5 6 2 5 3 1 4 6 7 0
12 6 6 1 5 3 0 4 6 7 2
12 6 6 1 5 3 2 4 6 0 7
13 7 6 1 5 3 2 0 6 7 4
12 10 2 1 5 3 0 2 6 7 4
11 11 0 1 5 3 4 2 6 7 0
14 6 8 5 0 3 2 1 6 4 7
14 6 8 2 6 3 1 5 4 0 7
14 8 6 1 0 3 2 5 6 4 7
14 6 8 2 5 3 1 4 6 0 7
14 8 6 1 5 3 2 6 0 7 4
14 12 2 1 5 3 4 2 6 0 7
15 5 10 5 6 0 3 2 4 7 1
15 7 8 5 6 3 7 2 4 0 1
14 8 6 5 6 3 7 2 4 1 0
15 5 10 5 6 0 3 1 4 7 2
15 7 8 5 6 3 7 1 4 0 2
14 8 6 5 6 3 7 1 4 2 0
15 5 10 5 6 0 2 1 4 3 7
14 6 8 5 6 2 0 1 4 3 7
13 7 6 5 6 2 7 1 4 3 0
15 3 12 5 6 3 0 4 7 1 2
15 3 12 6 0 3 2 5 4 7 1
15 5 10 2 6 0 3 5 4 7 1
15 7 8 2 6 3 7 5 4 0 1
14 8 6 2 6 3 7 5 4 1 0
15 7 8 1 6 0 3 5 4 7 2
15 9 6 1 6 3 7 5 4 0 2
14 10 4 1 6 3 7 5 4 2 0
15 7 8 1 6 0 2 5 4 3 7
14 8 6 1 6 2 0 5 4 3 7
13 9 4 1 6 2 7 5 4 3 0
15 7 8 5 6 3 1 2 0 4 7
15 3 12 5 3 7 2 4 6 0 1
14 4 10 5 3 7 2 4 6 1 0
15 5 10 5 3 2 1 4 6 0 7
15 3 12 4 5 3 2 0 6 7 1
11 5 6 4 5 3 2 1 6 7 0
14 6 8 4 5 3 0 2 6 7 1
13 7 6 4 5 3 1 2 6 7 0
14 6 8 4 5 3 0 1 6 7 2
14 6 8 4 5 3 2 1 6 0 7
15 5 10 2 5 0 3 4 6 7 1
15 7 8 2 5 3 4 0 6 7 1
11 9 2 2 5 3 4 1 6 7 0
14 10 4 2 5 3 0 1 6 7 4
14 10 4 2 5 3 4 1 6 0 7
15 7 8 2 5 3 7 4 6 0 1
14 8 6 2 5 3 7 4 6 1 0
15 7 8 2 5 3 1 0 6 7 4
15 7 8 1 5 0 3 4 6 7 2
15 9 6 1 5 3 4 0 6 7 2
15 9 6 1 5 3 7 4 6 0 2
14 10 4 1 5 3 7 4 6 2 0
15 7 8 1 5 0 2 4 6 3 7
14 8 6 1 5 2 0 4 6 3 7
13 9 4 1 5 2 7 4 6 3 0
15 7 8 1 5 3 2 4 0 6 7
15 11 4 1 5 0 3 2 6 7 4
15 13 2 1 5 3 7 2 6 0 4
14 14 0 1 5 3 7 2 6 4 0
15 7 8 5 3 0 2 1 6 4 7
14 8 6 5 3 2 0 1 6 4 7
13 9 4 5 3 2 7 1 6 4 0
15 7 8 0 5 3 2 1 6 4 7
13 9 4 2 5 3 0 1 6 4 7
12 10 2 2 5 3 7 1 6 4 0
14 8 6 1 5 3 2 0 6 4 7
13 11 2 1 5 3 0 2 6 4 7
14 10 4 1 5 3 2 7 6 4 0
15 7 8 2 6 3 1 5 0 4 7
15 9 6 1 3 0 2 5 6 4 7
14 10 4 1 3 2 0 5 6 4 7
13 11 2 1 3 2 7 5 6 4 0
15 9 6 1 5 3 2 6 7 0 4
14 10 4 1 5 3 2 6 7 4 0
15 11 4 2 5 3 7 1 6 0 4
15 9 6 1 5 3 2 6 0 4 7
16 4 12 5 0 3 2 6 4 7 1
16 6 10 5 6 0 2 1 4 7 3
15 7 8 5 6 2 0 1 4 7 3
14 8 6 5 6 2 3 1 4 7 0
16 2 14 5 6 0 2 4 7 3 1
15 3 12 5 6 2 0 4 7 3 1
14 4 10 5 6 2 1 4 7 3 0
16 4 12 5 6 3 2 0 7 1 4
15 7 8 5 6 3 0 2 7 1 4
14 8 6 5 6 3 4 2 7 1 0
16 6 10 5 6 3 2 0 1 4 7
15 9 6 5 6 3 0 2 1 4 7
14 10 4 5 6 3 7 2 1 4 0
16 8 8 1 6 0 2 5 4 7 3
15 9 6 1 6 2 0 5 4 7 3
14 10 4 1 6 2 3 5 4 7 0
16 8 8 1 6 3 2 0 5 4 7
15 11 4 1 6 3 0 2 5 4 7
14 12 2 1 6 3 7 2 5 4 0
16 6 10 5 3 2 4 0 6 7 1
12 8 4 5 3 2 4 1 6 7 0
15 9 6 5 3 2 4 1 6 0 7
15 9 6 5 3 2 0 1 6 7 4
16 6 10 5 3 2 7 4 6 0 1
15 7 8 5 3 2 7 4 6 1 0
16 6 10 5 3 2 1 0 6 7 4
16 8 8 1 5 0 2 4 6 7 3
15 9 6 1 5 2 0 4 6 7 3
14 10 4 1 5 2 3 4 6 7 0
16 8 8 0 5 3 2 1 6 7 4
16 10 6 1 0 3 2 5 6 7 4
16 6 10 5 0 6 3 2 4 7 1
16 6 10 5 6 7 3 2 4 0 1
15 7 8 5 6 7 3 2 4 1 0
16 8 8 5 6 3 7 2 0 4 1
16 6 10 5 0 6 3 1 4 7 2
16 6 10 5 6 7 3 1 4 0 2
15 7 8 5 6 7 3 1 4 2 0
16 8 8 5 6 3 7 1 0 4 2
16 6 10 5 0 6 2 1 4 3 7
16 8 8 5 6 2 7 1 4 0 3
16 4 12 6 3 0 2 5 4 7 1
15 5 10 6 3 2 0 5 4 7 1
14 6 8 6 3 2 1 5 4 7 0
16 4 12 6 4 3 2 5 0 7 1
16 6 10 2 0 6 3 5 4 7 1
16 6 10 2 6 7 3 5 4 0 1
15 7 8 2 6 7 3 5 4 1 0
16 8 8 2 6 3 7 5 0 4 1
16 8 8 1 0 6 3 5 4 7 2
16 8 8 1 6 7 3 5 4 0 2
15 9 6 1 6 7 3 5 4 2 0
16 10 6 1 6 3 7 5 0 4 2
16 8 8 1 0 6 2 5 4 3 7
16 10 6 1 6 2 7 5 4 0 3
16 8 8 5 0 3 1 2 6 4 7
16 4 12 5 3 7 2 4 0 6 1
16 6 10 5 3 2 1 4 0 6 7
16 4 12 4 5 3 2 6 0 7 1
16 8 8 0 5 3 4 2 6 7 1
16 8 8 4 5 3 1 2 6 0 7
16 8 8 0 5 3 4 1 6 7 2
16 6 10 2 5 7 3 4 6 0 1
15 7 8 2 5 7 3 4 6 1 0
16 8 8 2 5 3 4 6 0 7 1
16 8 8 0 5 3 1 2 6 7 4
16 8 8 2 5 3 1 6 0 7 4
16 8 8 1 5 7 3 4 6 0 2
15 9 6 1 5 7 3 4 6 2 0
16 10 6 1 5 3 4 6 0 7 2
16 10 6 1 5 2 7 4 6 0 3
16 8 8 1 5 3 2 0 4 6 7
15 11 4 1 5 3 0 2 4 6 7
14 12 2 1 5 3 7 2 4 6 0
16 8 8 1 0 3 2 4 5 6 7
15 9 6 1 3 0 2 4 5 6 7
14 10 4 1 3 2 0 4 5 6 7
13 11 2 1 3 2 7 4 5 6 0
16 12 4 1 5 7 3 2 6 0 4
15 13 2 1 5 7 3 2 6 4 0
16 8 8 5 3 4 2 1 6 0 7
15 9 6 5 3 4 2 1 6 7 0
16 10 6 5 3 2 7 1 6 0 4
16 10 6 7 5 3 2 1 6 4 0
16 10 6 2 5 0 3 1 6 4 7
16 12 4 1 5 0 3 2 6 4 7
16 8 8 2 0 3 1 5 6 4 7
16 10 6 1 3 4 2 5 6 0 7
15 11 4 1 3 4 2 5 6 7 0
16 12 4 1 3 2 7 5 6 0 4
16 10 6 1 5 3 2 6 4 0 7
15 11 4 1 5 3 2 6 4 7 0
16 8 8 5 6 3 2 7 1 4 0
16 10 6 1 6 3 2 7 5 4 0
16 10 6 1 5 3 2 7 4 6 0
16 10 6 1 3 6 2 4 5 0 7
15 11 4 1 3 6 2 4 5 7 0
16 12 4 1 3 2 7 4 5 0 6
17 5 12 4 6 3 2 5 0 7 1
17 7 10 1 6 3 2 0 4 7 5
16 10 6 1 6 3 0 2 4 7 5
15 11 4 1 6 3 5 2 4 7 0
17 7 10 5 6 0 1 2 4 3 7
16 8 8 5 6 1 0 2 4 3 7
15 9 6 5 6 1 7 2 4 3 0
17 5 12 0 3 2 5 4 6 7 1
12 8 4 1 3 2 5 4 6 7 0
15 9 6 1 3 2 0 4 6 7 5
15 9 6 1 3 2 5 4 6 0 7
16 10 6 1 3 2 5 4 0 6 7
17 5 12 6 5 3 2 4 0 7 1
17 7 10 2 6 0 1 5 4 3 7
16 8 8 2 6 1 0 5 4 3 7
15 9 6 2 6 1 7 5 4 3 0
17 9 8 0 1 3 2 5 6 4 7
15 11 4 2 1 3 0 5 6 4 7
14 12 2 2 1 3 7 5 6 4 0
17 7 10 2 5 0 1 4 6 3 7
16 8 8 2 5 1 0 4 6 3 7
15 9 6 2 5 1 7 4 6 3 0
17 7 10 2 5 3 1 4 0 6 7
17 9 8 1 0 3 2 6 5 7 4
17 13 4 1 5 0 4 2 6 3 7
17 13 4 1 5 3 4 2 0 6 7
17 9 8 5 6 3 0 2 4 1 7
17 9 8 5 6 3 0 1 4 2 7
17 9 8 5 6 2 3 1 4 0 7
17 9 8 2 6 3 0 5 4 1 7
17 11 6 1 6 3 0 5 4 2 7
17 11 6 1 6 2 3 5 4 0 7
17 5 12 5 3 7 0 4 6 1 2
17 7 10 4 5 0 3 2 6 7 1
17 9 8 4 5 3 7 2 6 0 1
16 10 6 4 5 3 7 2 6 1 0
17 7 10 4 5 0 3 1 6 7 2
17 9 8 4 5 3 7 1 6 0 2
16 10 6 4 5 3 7 1 6 2 0
17 7 10 4 5 0 2 1 6 3 7
16 8 8 4 5 2 0 1 6 3 7
15 9 6 4 5 2 7 1 6 3 0
17 7 10 4 5 3 2 1 0 6 7
17 11 6 2 5 0 3 1 6 7 4
17 11 6 2 5 0 4 1 6 3 7
17 11 6 2 5 3 4 1 0 6 7
17 9 8 2 5 3 0 4 6 1 7
17 11 6 1 5 3 0 4 6 2 7
17 11 6 1 5 2 3 4 6 0 7
17 11 6 1 5 2 4 0 6 3 7
17 11 6 1 5 2 7 0 6 3 4
17 11 6 1 5 3 0 7 6 4 2
17 11 6 1 5 3 2 7 6 0 4
17 13 4 1 3 2 4 5 6 0 7
16 14 2 1 3 2 4 5 6 7 0
17 11 6 1 5 3 0 6 7 4 2
17 5 12 5 3 0 2 6 4 7 1
16 6 10 5 3 2 0 6 4 7 1
15 7 8 5 3 2 1 6 4 7 0
17 5 12 5 4 3 2 6 0 7 1
17 5 12 0 5 3 2 6 4 7 1
15 7 8 2 5 3 0 6 4 7 1
14 8 6 2 5 3 1 6 4 7 0
17 7 10 5 0 6 2 1 4 7 3
17 7 10 5 6 7 2 1 4 0 3
16 8 8 5 6 7 2 1 4 3 0
17 3 14 5 0 6 2 4 7 3 1
17 5 12 5 6 2 1 4 7 0 3
17 5 12 0 6 3 2 5 7 1 4
15 7 8 2 6 3 0 5 7 1 4
14 8 6 2 6 3 4 5 7 1 0
17 5 12 5 6 3 2 7 0 1 4
16 6 10 5 6 3 2 7 1 0 4
17 9 8 5 6 3 4 2 7 0 1
17 7 10 0 6 3 2 5 1 4 7
15 9 6 2 6 3 0 5 1 4 7
14 10 4 2 6 3 7 5 1 4 0
17 11 6 5 6 3 7 2 1 0 4
17 9 8 1 0 6 2 5 4 7 3
17 9 8 1 6 7 2 5 4 0 3
16 10 6 1 6 7 2 5 4 3 0
17 13 4 1 6 3 7 2 5 0 4
17 7 10 0 3 2 4 5 6 7 1
17 7 10 5 3 2 4 6 0 7 1
17 7 10 5 3 2 7 4 0 6 1
17 7 10 0 3 2 1 5 6 7 4
13 9 4 1 3 2 0 5 6 7 4
16 10 6 1 3 0 2 5 6 7 4
17 7 10 5 3 2 1 6 0 7 4
17 9 8 1 5 7 2 4 6 0 3
16 10 6 1 5 7 2 4 6 3 0
17 9 8 5 0 3 2 1 6 7 4
17 11 6 1 6 3 2 5 0 7 4
17 7 10 5 4 6 3 2 0 7 1
17 7 10 0 5 6 3 2 4 7 1
12 10 2 1 5 6 3 2 4 7 0
15 11 4 1 5 6 0 2 4 7 3
15 11 4 1 5 6 3 2 4 0 7
16 12 4 1 5 6 3 2 0 4 7
17 7 10 5 6 7 3 2 0 4 1
17 9 8 5 0 3 7 2 6 4 1
17 7 10 5 4 6 3 1 0 7 2
17 7 10 0 5 6 3 1 4 7 2
14 10 4 2 5 6 3 1 4 7 0
16 8 8 1 5 6 3 0 4 7 2
17 7 10 5 6 7 3 1 0 4 2
17 9 8 5 0 3 7 1 6 4 2
17 7 10 5 4 6 2 1 0 3 7
16 8 8 5 4 6 2 1 3 0 7
15 9 6 5 4 6 2 1 3 7 0
17 7 10 0 5 6 2 1 4 3 7
15 9 6 2 5 6 0 1 4 3 7
14 10 4 2 5 6 7 1 4 3 0
16 8 8 1 5 6 2 0 4 3 7
15 11 4 1 5 6 0 2 4 3 7
14 12 2 1 5 6 7 2 4 3 0
16 10 6 1 5 6 2 7 4 3 0
17 9 8 5 6 2 7 1 0 4 3
17 5 12 6 3 7 2 5 4 0 1
16 6 10 6 3 7 2 5 4 1 0
17 7 10 0 3 2 6 5 4 7 1
12 10 2 1 3 2 6 5 4 7 0
15 11 4 1 3 2 0 5 4 7 6
15 11 4 1 3 2 6 5 4 0 7
17 7 10 6 3 2 1 5 4 0 7
17 5 12 6 4 3 2 5 7 0 1
16 6 10 6 4 3 2 5 7 1 0
17 7 10 0 2 6 3 5 4 7 1
12 10 2 1 2 6 3 5 4 7 0
15 11 4 1 2 6 0 5 4 7 3
15 11 4 1 2 6 3 5 4 0 7
16 12 4 1 2 6 3 5 0 4 7
17 7 10 2 4 6 3 5 0 7 1
17 7 10 2 6 7 3 5 0 4 1
17 9 8 2 0 3 7 5 6 4 1
17 9 8 1 4 6 3 5 0 7 2
17 9 8 1 6 7 3 5 0 4 2
17 11 6 1 0 3 7 5 6 4 2
17 9 8 1 4 6 2 5 0 3 7
16 10 6 1 4 6 2 5 3 0 7
15 11 4 1 4 6 2 5 3 7 0
17 11 6 1 6 2 7 5 0 4 3
17 9 8 0 5 3 1 2 6 4 7
17 9 8 5 3 0 1 2 6 4 7
16 10 6 5 3 1 0 2 6 4 7
15 11 4 5 3 1 7 2 6 4 0
17 5 12 5 3 7 2 0 4 6 1
13 7 6 5 3 7 2 1 4 6 0
16 8 8 5 3 7 0 2 4 6 1
15 9 6 5 3 7 1 2 4 6 0
16 8 8 5 3 7 0 1 4 6 2
16 8 8 5 3 7 2 1 4 0 6
17 7 10 5 3 2 1 0 4 6 7
16 10 6 5 3 2 0 1 4 6 7
15 11 4 5 3 2 7 1 4 6 0
17 5 12 4 5 3 2 6 7 0 1
16 6 10 4 5 3 2 6 7 1 0
17 9 8 5 0 3 4 2 6 7 1
17 9 8 5 0 3 4 1 6 7 2
17 9 8 2 5 3 4 6 7 0 1
16 10 6 2 5 3 4 6 7 1 0
17 9 8 5 0 3 1 2 6 7 4
17 9 8 2 5 3 1 6 7 0 4
16 10 6 2 5 3 1 6 7 4 0
17 11 6 1 5 3 4 6 7 0 2
16 12 4 1 5 3 4 6 7 2 0
17 13 4 1 5 3 7 2 4 0 6
17 13 4 1 3 2 6 4 5 0 7
16 14 2 1 3 2 6 4 5 7 0
17 9 8 5 3 4 2 1 0 6 7
17 11 6 2 5 4 3 1 6 0 7
16 12 4 2 5 4 3 1 6 7 0
17 13 4 1 5 4 3 2 6 0 7
16 14 2 1 5 4 3 2 6 7 0
17 9 8 0 2 3 1 5 6 4 7
13 11 2 1 2 3 0 5 6 4 7
12 12 0 1 2 3 7 5 6 4 0
15 13 2 1 2 3 7 5 6 0 4
16 12 4 1 2 0 3 5 6 4 7
16 14 2 1 2 3 4 5 6 0 7
15 15 0 1 2 3 4 5 6 7 0
