14 0 14 4 6 0 5 1 7 3 2
13 1 12 4 6 3 5 1 7 0 2
12 2 10 4 6 3 5 1 7 2 0
13 1 12 4 6 5 0 1 7 3 2
12 2 10 4 6 5 2 1 7 3 0
14 2 12 4 6 3 5 1 0 7 2
15 1 14 4 0 6 5 1 7 3 2
15 3 12 4 6 3 0 1 7 2 5
15 3 12 0 6 5 4 1 7 3 2
12 6 6 2 6 5 4 1 7 3 0
14 4 10 1 6 5 4 0 7 3 2
10 6 4 1 6 5 4 2 7 3 0
13 7 6 1 6 5 4 2 7 0 3
13 7 6 1 6 5 0 2 7 3 4
14 8 6 1 6 5 4 2 0 7 3
15 3 12 4 6 5 2 1 7 0 3
15 3 12 4 0 3 5 1 6 7 2
14 4 10 4 3 0 5 1 6 7 2
13 5 8 4 3 5 0 1 6 7 2
12 6 6 4 3 5 2 1 6 7 0
15 7 8 2 6 5 4 1 7 0 3
15 7 8 2 6 5 0 1 7 3 4
15 5 10 1 6 5 4 7 0 3 2
14 6 8 1 6 5 4 7 3 0 2
13 7 6 1 6 5 4 7 3 2 0
15 9 6 1 0 5 4 2 6 7 3
14 10 4 1 5 0 4 2 6 7 3
15 5 10 4 3 7 5 1 6 0 2
14 6 8 4 3 7 5 1 6 2 0
15 7 8 4 3 5 2 1 6 0 7
15 11 4 1 5 4 0 2 6 7 3
14 12 2 1 5 4 3 2 6 7 0
15 11 4 1 5 7 4 2 6 0 3
14 12 2 1 5 7 4 2 6 3 0
16 4 12 4 6 5 3 1 7 0 2
15 5 10 4 6 5 3 1 7 2 0
16 2 14 0 4 6 5 1 7 3 2
13 5 8 2 4 6 5 1 7 3 0
14 4 10 5 4 6 0 1 7 3 2
13 5 8 5 4 6 2 1 7 3 0
15 3 12 1 4 6 5 0 7 3 2
11 5 6 1 4 6 5 2 7 3 0
14 6 8 1 4 6 0 5 7 3 2
13 7 6 1 4 6 2 5 7 3 0
14 6 8 1 4 6 5 2 7 0 3
14 6 8 1 4 6 0 2 7 3 5
15 7 8 1 4 0 5 2 7 6 3
14 8 6 1 4 5 0 2 7 6 3
13 9 4 1 4 5 3 2 7 6 0
15 7 8 1 4 6 5 2 0 7 3
15 7 8 1 4 0 6 2 7 3 5
14 8 6 1 4 3 6 2 7 0 5
13 9 4 1 4 3 6 2 7 5 0
15 9 6 1 4 3 6 2 0 7 5
16 2 14 4 7 6 5 1 0 3 2
15 3 12 4 7 6 5 1 3 0 2
14 4 10 4 7 6 5 1 3 2 0
16 4 12 6 0 5 4 1 7 3 2
15 5 10 6 5 0 4 1 7 3 2
14 6 8 6 5 3 4 1 7 0 2
13 7 6 6 5 3 4 1 7 2 0
15 7 8 6 5 3 4 1 0 7 2
16 8 8 1 6 0 4 2 7 5 3
16 8 8 1 6 0 5 2 7 3 4
15 9 6 1 6 3 5 2 7 0 4
14 10 4 1 6 3 5 2 7 4 0
16 10 6 1 6 5 3 2 7 0 4
15 11 4 1 6 5 3 2 7 4 0
16 4 12 4 6 5 2 1 0 7 3
16 4 12 0 4 3 5 1 6 7 2
13 7 6 2 4 3 5 1 6 7 0
14 6 8 5 4 3 0 1 6 7 2
13 7 6 5 4 3 2 1 6 7 0
15 5 10 1 4 3 5 0 6 7 2
11 7 4 1 4 3 5 2 6 7 0
14 8 6 1 4 3 0 5 6 7 2
13 9 4 1 4 3 2 5 6 7 0
14 8 6 1 4 3 0 2 6 7 5
14 8 6 1 4 3 5 2 6 0 7
15 9 6 1 4 3 5 2 0 6 7
16 8 8 4 3 5 7 1 6 0 2
15 9 6 4 3 5 7 1 6 2 0
16 8 8 2 6 5 4 1 0 7 3
16 6 10 1 0 5 4 7 6 3 2
15 7 8 1 5 0 4 7 6 3 2
14 8 6 1 5 3 4 7 6 0 2
13 9 4 1 5 3 4 7 6 2 0
16 8 8 1 6 5 0 7 3 2 4
16 6 10 4 3 7 5 1 0 6 2
16 8 8 4 3 5 2 1 0 6 7
16 6 10 2 4 6 5 1 7 0 3
16 6 10 2 4 6 0 1 7 3 5
16 6 10 5 4 6 2 1 7 0 3
16 4 12 1 4 6 5 7 0 3 2
15 5 10 1 4 6 5 7 3 0 2
14 6 8 1 4 6 5 7 3 2 0
16 8 8 1 4 0 5 2 7 3 6
15 9 6 1 4 3 5 2 7 0 6
14 10 4 1 4 3 5 2 7 6 0
15 9 6 1 4 5 0 2 7 3 6
14 10 4 1 4 5 6 2 7 3 0
16 8 8 1 4 6 2 5 7 0 3
16 8 8 1 0 4 5 2 7 6 3
16 10 6 1 4 5 3 2 7 0 6
16 8 8 1 0 6 5 2 4 7 3
16 8 8 1 0 4 6 2 7 3 5
16 10 6 1 4 3 0 2 7 5 6
16 10 6 1 0 3 6 2 4 7 5
15 11 4 1 3 0 6 2 4 7 5
16 4 12 4 7 0 5 1 3 6 2
15 5 10 4 7 5 0 1 3 6 2
14 6 8 4 7 5 2 1 3 6 0
16 6 10 6 5 4 0 1 7 3 2
15 7 8 6 5 4 2 1 7 3 0
16 8 8 6 5 3 0 1 7 2 4
16 10 6 1 6 3 5 2 0 7 4
16 8 8 2 4 3 0 1 6 7 5
16 8 8 2 4 3 5 1 6 0 7
16 8 8 5 4 3 2 1 6 0 7
16 6 10 1 4 3 5 6 0 7 2
16 10 6 1 4 3 2 5 6 0 7
16 10 6 1 0 3 5 2 4 6 7
15 11 4 1 3 0 5 2 4 6 7
14 12 2 1 3 5 0 2 4 6 7
13 13 0 1 3 5 7 2 4 6 0
