10 0 10 0 2 3 4 1 7 5 6
9 1 8 1 2 3 4 0 7 5 6
7 3 4 1 2 3 4 6 7 5 0
9 3 6 6 2 3 4 1 7 5 0
10 2 8 4 2 3 0 1 7 5 6
9 3 6 4 2 3 6 1 7 5 0
10 2 8 1 2 3 4 7 0 5 6
9 3 6 1 2 3 4 7 5 0 6
8 4 4 1 2 3 4 7 5 6 0
10 4 6 1 2 3 0 4 7 5 6
9 5 4 1 2 3 6 4 7 5 0
10 4 6 1 2 3 0 6 7 5 4
10 4 6 1 2 3 4 6 7 0 5
11 1 10 2 0 3 4 1 7 5 6
10 2 8 2 3 0 4 1 7 5 6
9 3 6 2 3 4 0 1 7 5 6
8 4 4 2 3 4 6 1 7 5 0
9 3 6 2 3 5 4 1 7 0 6
8 4 4 2 3 5 4 1 7 6 0
10 4 6 2 3 5 4 1 0 7 6
11 5 6 1 2 3 0 7 5 6 4
11 5 6 1 2 3 4 6 0 7 5
11 5 6 2 3 4 6 1 7 0 5
11 5 6 2 3 5 0 1 7 6 4
12 4 8 1 0 3 4 2 7 5 6
11 5 6 1 3 0 4 2 7 5 6
10 6 4 1 3 4 0 2 7 5 6
9 7 2 1 3 4 6 2 7 5 0
10 6 4 1 3 5 4 2 7 0 6
9 7 2 1 3 5 4 2 7 6 0
11 7 4 1 3 5 4 2 0 7 6
12 4 8 6 2 3 0 1 7 5 4
12 4 8 6 2 3 4 1 7 0 5
12 4 8 4 2 3 6 1 7 0 5
12 4 8 1 2 0 4 7 5 3 6
11 5 6 1 2 4 0 7 5 3 6
10 6 4 1 2 4 6 7 5 3 0
12 6 6 1 2 3 4 0 5 6 7
11 7 4 1 2 3 4 5 0 6 7
10 8 2 1 2 3 4 5 6 0 7
9 9 0 1 2 3 4 5 6 7 0
