10 0 10 2 6 0 3 1 7 4 5
9 1 8 2 6 3 0 1 7 4 5
8 2 6 2 6 3 5 1 7 4 0
11 1 10 2 6 4 3 1 7 0 5
10 2 8 2 6 4 3 1 7 5 0
11 1 10 2 0 6 3 1 7 4 5
11 3 8 2 6 3 5 1 7 0 4
12 4 8 2 6 3 4 1 7 0 5
11 5 6 2 6 3 4 1 7 5 0
12 2 10 2 6 4 3 1 0 7 5
12 2 10 0 2 6 3 1 7 4 5
9 5 4 5 2 6 3 1 7 4 0
11 3 8 1 2 6 3 0 7 4 5
7 5 2 1 2 6 3 5 7 4 0
10 6 4 1 2 6 0 5 7 4 3
10 6 4 1 2 6 3 5 7 0 4
11 7 4 1 2 6 3 5 0 7 4
12 2 10 2 7 6 3 1 0 4 5
12 4 8 2 6 3 5 1 0 7 4
12 4 8 3 2 6 0 1 7 4 5
11 5 6 3 2 6 5 1 7 4 0
12 6 6 5 2 6 0 1 7 4 3
12 6 6 5 2 6 3 1 7 0 4
12 4 8 1 2 6 3 7 0 4 5
12 6 6 1 2 6 0 3 7 4 5
11 7 4 1 2 6 5 3 7 4 0
13 3 10 2 6 4 0 1 7 5 3
13 5 8 2 6 3 4 1 0 7 5
13 3 10 2 0 4 3 1 6 7 5
13 7 6 1 2 0 6 5 7 4 3
13 9 4 1 2 6 4 5 7 0 3
12 10 2 1 2 6 4 5 7 3 0
13 7 6 1 2 0 3 5 7 6 4
12 8 4 1 2 3 0 5 7 6 4
11 9 2 1 2 3 4 5 7 6 0
13 3 10 2 7 6 3 1 4 0 5
12 4 8 2 7 6 3 1 4 5 0
13 5 8 2 0 3 5 1 6 7 4
13 5 8 3 2 0 6 1 7 4 5
12 6 6 3 2 4 6 1 7 0 5
11 7 4 3 2 4 6 1 7 5 0
13 7 6 5 2 6 3 1 0 7 4
13 5 8 1 2 6 3 7 4 0 5
12 6 6 1 2 6 3 7 4 5 0
13 7 6 1 2 0 6 3 7 4 5
12 8 4 1 2 4 6 3 7 0 5
11 9 2 1 2 4 6 3 7 5 0
13 7 6 3 2 4 6 1 0 7 5
13 9 4 1 2 4 6 3 0 7 5
14 4 10 2 6 0 5 1 7 3 4
13 5 8 2 6 5 0 1 7 3 4
12 6 6 2 6 5 4 1 7 3 0
14 6 8 2 6 3 0 1 7 5 4
14 6 8 1 0 6 3 2 7 4 5
14 8 6 1 2 0 3 5 7 4 6
13 9 4 1 2 3 0 5 7 4 6
12 10 2 1 2 3 6 5 7 4 0
14 8 6 1 0 6 3 5 2 7 4
14 8 6 1 2 6 3 0 5 7 4
14 6 8 3 2 6 5 1 7 0 4
14 8 6 1 2 6 5 3 7 0 4
14 4 10 2 6 0 4 1 7 5 3
13 5 8 2 6 5 4 1 7 0 3
14 6 8 2 0 3 4 1 6 7 5
14 4 10 0 2 4 3 1 6 7 5
11 7 4 5 2 4 3 1 6 7 0
12 6 6 3 2 4 0 1 6 7 5
11 7 4 3 2 4 5 1 6 7 0
13 5 8 1 2 4 3 0 6 7 5
9 7 2 1 2 4 3 5 6 7 0
12 8 4 1 2 4 0 3 6 7 5
11 9 2 1 2 4 5 3 6 7 0
12 8 4 1 2 4 0 5 6 7 3
12 8 4 1 2 4 3 5 6 0 7
13 9 4 1 2 0 4 5 6 7 3
13 9 4 1 2 0 3 5 6 4 7
12 10 2 1 2 3 0 5 6 4 7
11 11 0 1 2 3 7 5 6 4 0
14 4 10 2 4 0 3 1 6 7 5
13 5 8 2 4 3 0 1 6 7 5
12 6 6 2 4 3 5 1 6 7 0
14 8 6 1 2 4 6 5 7 0 3
13 9 4 1 2 4 6 5 7 3 0
14 10 4 1 2 6 4 5 0 7 3
14 10 4 1 2 3 4 5 7 0 6
14 4 10 2 7 0 3 1 4 6 5
13 5 8 2 7 3 0 1 4 6 5
12 6 6 2 7 3 5 1 4 6 0
14 6 8 0 2 3 5 1 6 7 4
12 8 4 5 2 3 0 1 6 7 4
11 9 2 5 2 3 4 1 6 7 0
13 7 6 1 2 3 5 0 6 7 4
12 10 2 1 2 3 0 5 6 7 4
11 11 0 1 2 3 4 5 6 7 0
