8 0 8 2 6 0 3 1 7 4 5
8 1 7 2 6 3 0 1 7 4 5
8 2 6 2 6 3 5 1 7 4 0
9 1 8 2 6 4 3 1 7 0 5
9 1 8 2 0 6 3 1 7 4 5
9 2 7 2 6 4 3 1 7 5 0
9 2 7 2 6 4 3 1 0 7 5
9 2 7 0 2 6 3 1 7 4 5
9 3 6 2 0 4 3 1 6 7 5
9 3 6 1 2 6 3 0 7 4 5
9 4 5 0 2 4 3 1 6 7 5
9 5 4 1 2 6 3 5 7 4 0
9 5 4 1 2 4 3 0 6 7 5
9 7 2 1 2 4 3 5 6 7 0
10 3 7 0 6 3 2 1 7 4 5
10 4 6 2 6 3 4 1 7 0 5
10 3 7 2 6 3 5 1 7 0 4
10 2 8 2 7 6 3 1 0 4 5
10 3 7 2 6 4 3 0 1 7 5
10 4 6 2 4 0 3 1 6 7 5
10 4 6 1 2 6 3 7 0 4 5
10 4 6 1 6 3 2 0 7 4 5
10 5 5 2 6 3 4 1 7 5 0
10 5 5 2 6 3 4 1 0 7 5
10 4 6 2 6 3 5 1 0 7 4
10 3 7 2 7 6 3 1 4 0 5
10 5 5 2 6 4 3 5 1 7 0
10 5 5 2 4 3 0 1 6 7 5
10 6 4 1 6 3 2 5 7 4 0
10 6 4 2 0 3 4 1 6 7 5
10 5 5 2 0 3 5 1 6 7 4
10 4 6 2 7 6 3 1 4 5 0
10 4 6 2 7 0 3 1 4 6 5
10 6 4 2 4 3 5 1 6 7 0
10 7 3 0 2 3 4 1 6 7 5
10 6 4 0 2 3 5 1 6 7 4
10 8 2 1 2 3 4 0 6 7 5
10 7 3 1 2 3 5 0 6 7 4
10 10 0 1 2 3 4 5 6 7 0
