10 0 10 1 0 3 7 4 6 2 5
9 1 8 1 3 0 7 4 6 2 5
8 2 6 1 3 2 7 4 6 0 5
7 3 4 1 3 2 7 4 6 5 0
9 3 6 1 3 2 7 4 0 6 5
10 2 8 1 3 7 0 4 6 2 5
9 3 6 1 3 7 5 4 6 2 0
10 4 6 1 3 2 0 4 6 5 7
10 4 6 1 3 2 7 0 4 6 5
8 6 2 1 3 2 7 5 4 6 0
11 1 10 1 6 3 7 4 0 2 5
10 2 8 1 6 3 7 4 2 0 5
9 3 6 1 6 3 7 4 2 5 0
11 7 4 1 3 2 7 5 4 0 6
11 7 4 1 3 2 0 5 4 6 7
12 4 8 1 0 2 7 4 3 6 5
11 5 6 1 2 0 7 4 3 6 5
12 4 8 1 3 7 5 4 6 0 2
12 2 10 1 6 3 7 0 4 2 5
8 4 4 1 6 3 7 5 4 2 0
11 5 6 1 6 3 7 5 4 0 2
11 5 6 1 6 3 0 5 4 2 7
12 4 8 1 6 3 0 4 2 5 7
12 6 6 1 2 6 7 4 3 0 5
11 7 4 1 2 6 7 4 3 5 0
12 6 6 1 2 7 0 4 3 6 5
11 7 4 1 2 7 5 4 3 6 0
12 6 6 1 6 3 7 5 0 4 2
13 1 12 0 1 3 7 4 6 2 5
10 4 6 5 1 3 7 4 6 2 0
13 5 8 1 3 2 7 0 6 5 4
13 5 8 1 3 7 2 4 6 0 5
12 6 6 1 3 7 2 4 6 5 0
13 5 8 1 3 0 2 4 6 5 7
12 6 6 1 3 5 2 4 6 0 7
11 7 4 1 3 5 2 4 6 7 0
13 7 6 1 3 2 5 4 6 0 7
12 8 4 1 3 2 5 4 6 7 0
13 5 8 0 3 2 7 1 4 6 5
12 8 4 5 3 2 7 1 4 6 0
13 7 6 1 0 2 7 3 4 6 5
12 8 4 1 2 0 7 3 4 6 5
13 7 6 1 3 2 0 7 4 6 5
12 8 4 1 3 2 5 7 4 6 0
13 3 10 1 6 0 7 4 2 3 5
13 5 8 1 6 3 7 0 2 5 4
12 6 6 1 6 3 7 2 0 5 4
11 7 4 1 6 3 7 2 5 0 4
10 8 2 1 6 3 7 2 5 4 0
13 5 8 1 3 7 5 4 0 6 2
13 5 8 1 3 0 5 4 6 7 2
12 6 6 1 3 5 0 4 6 7 2
13 7 6 1 0 3 7 5 6 4 2
13 5 8 5 1 3 7 4 6 0 2
13 5 8 5 1 3 0 4 6 2 7
13 7 6 1 3 5 2 4 0 6 7
13 9 4 1 2 6 7 3 4 0 5
12 10 2 1 2 6 7 3 4 5 0
13 9 4 1 2 7 0 3 4 6 5
12 10 2 1 2 7 5 3 4 6 0
13 7 6 1 0 3 7 2 6 5 4
13 9 4 1 6 3 0 2 5 4 7
14 6 8 1 3 0 7 4 6 5 2
13 7 6 1 3 5 7 4 6 0 2
12 8 4 1 3 5 7 4 6 2 0
14 6 8 1 3 0 5 4 6 2 7
13 7 6 1 3 5 0 4 6 2 7
14 8 6 1 3 0 7 5 4 2 6
14 8 6 1 3 2 7 5 0 4 6
14 8 6 1 3 0 2 5 4 6 7
14 10 4 1 3 2 6 5 4 0 7
13 11 2 1 3 2 6 5 4 7 0
14 6 8 1 6 0 7 5 4 3 2
14 6 8 1 6 0 3 5 4 2 7
13 7 6 1 6 2 3 5 4 0 7
12 8 4 1 6 2 3 5 4 7 0
14 8 6 1 6 3 2 5 4 0 7
13 9 4 1 6 3 2 5 4 7 0
14 8 6 1 2 6 0 4 3 5 7
14 8 6 1 2 7 5 4 3 0 6
14 2 12 4 1 3 7 0 6 2 5
10 4 6 4 1 3 7 5 6 2 0
13 5 8 4 1 3 7 5 6 0 2
13 5 8 4 1 3 0 5 6 2 7
14 6 8 5 1 3 7 0 6 2 4
14 6 8 1 3 2 7 6 0 5 4
13 7 6 1 3 2 7 6 5 0 4
12 8 4 1 3 2 7 6 5 4 0
14 6 8 1 3 7 2 4 0 6 5
14 6 8 1 3 0 2 4 6 7 5
13 7 6 1 3 2 0 4 6 7 5
14 8 6 1 3 2 5 4 0 6 7
14 6 8 3 0 2 7 1 4 6 5
13 7 6 3 2 0 7 1 4 6 5
14 8 6 1 4 2 7 3 0 6 5
14 4 10 1 0 6 7 4 2 3 5
13 5 8 1 2 6 7 4 0 3 5
14 4 10 1 6 7 0 4 2 3 5
13 5 8 1 6 7 5 4 2 3 0
14 8 6 1 6 0 7 2 5 3 4
14 6 8 1 3 7 5 0 4 6 2
10 8 2 1 3 7 5 2 4 6 0
13 9 4 1 3 7 0 2 4 6 5
13 9 4 1 3 7 5 2 4 0 6
14 8 6 1 3 0 7 5 6 4 2
14 8 6 1 3 5 2 0 4 6 7
13 11 2 1 3 5 0 2 4 6 7
12 12 0 1 3 5 7 2 4 6 0
