12 0 12 3 0 1 5 7 4 6 2
11 1 10 3 1 0 5 7 4 6 2
10 2 8 3 1 5 0 7 4 6 2
9 3 6 3 1 5 2 7 4 6 0
12 2 10 3 1 6 5 7 4 0 2
11 3 8 3 1 6 5 7 4 2 0
12 4 8 3 1 5 2 7 4 0 6
13 1 12 0 3 1 5 7 4 6 2
10 4 6 2 3 1 5 7 4 6 0
13 1 12 3 4 1 5 7 0 6 2
13 5 8 3 1 5 6 7 4 0 2
12 6 6 3 1 5 6 7 4 2 0
13 5 8 3 1 5 7 0 4 6 2
9 7 2 3 1 5 7 2 4 6 0
12 8 4 3 1 5 7 2 4 0 6
12 8 4 3 1 5 0 2 4 6 7
13 5 8 3 1 5 2 0 4 6 7
13 3 10 5 3 1 0 7 4 6 2
12 4 8 5 3 1 2 7 4 6 0
13 5 8 2 3 1 0 7 4 6 5
13 5 8 2 3 1 5 7 4 0 6
14 4 10 3 1 6 0 7 4 2 5
14 2 12 7 3 1 5 0 4 6 2
10 4 6 7 3 1 5 2 4 6 0
13 5 8 7 3 1 0 2 4 6 5
13 5 8 7 3 1 5 2 4 0 6
14 6 8 2 3 1 5 0 4 6 7
14 2 12 3 4 1 5 7 6 0 2
13 3 10 3 4 1 5 7 6 2 0
14 2 12 3 4 1 5 0 7 6 2
10 4 6 3 4 1 5 2 7 6 0
13 5 8 3 4 1 0 2 7 6 5
13 5 8 3 4 1 5 2 7 0 6
14 6 8 0 1 5 7 3 4 6 2
11 9 2 2 1 5 7 3 4 6 0
13 7 6 1 0 5 7 3 4 6 2
14 6 8 3 1 5 7 4 0 6 2
14 6 8 0 1 5 2 3 4 6 7
12 8 4 2 1 5 0 3 4 6 7
13 7 6 1 0 5 2 3 4 6 7
14 6 8 3 1 5 2 4 0 6 7
14 6 8 3 4 1 5 2 0 7 6
14 10 4 2 1 5 7 3 4 0 6
14 8 6 1 4 5 7 3 0 6 2
14 8 6 1 5 0 7 3 4 6 2
14 8 6 1 4 5 2 3 0 6 7
14 8 6 1 5 0 2 3 4 6 7
13 9 4 1 5 2 0 3 4 6 7
12 10 2 1 5 2 7 3 4 6 0
15 3 12 3 1 6 5 7 0 4 2
15 5 10 3 1 6 5 0 4 2 7
15 5 10 3 1 5 2 7 0 4 6
15 5 10 3 1 0 2 7 4 5 6
14 6 8 3 1 2 0 7 4 5 6
13 7 6 3 1 2 6 7 4 5 0
15 7 8 3 1 5 0 7 4 2 6
15 9 6 3 1 5 7 2 0 4 6
15 9 6 3 1 0 7 2 4 5 6
15 9 6 3 1 0 5 2 4 6 7
15 11 4 3 1 5 6 2 4 0 7
14 12 2 3 1 5 6 2 4 7 0
15 5 10 5 3 1 2 7 4 0 6
15 5 10 3 1 0 6 7 4 2 5
14 6 8 3 1 2 6 7 4 0 5
15 3 12 7 3 1 5 4 0 6 2
15 5 10 7 3 1 0 5 4 6 2
14 6 8 7 3 1 2 5 4 6 0
15 7 8 0 3 1 5 2 4 6 7
15 7 8 0 3 1 7 2 4 6 5
14 10 4 5 3 1 7 2 4 6 0
15 7 8 2 3 1 5 4 0 6 7
15 9 6 2 3 1 0 5 4 6 7
14 10 4 2 3 1 7 5 4 6 0
15 3 12 0 4 1 5 3 7 6 2
12 6 6 2 4 1 5 3 7 6 0
15 5 10 3 4 1 0 5 7 6 2
14 6 8 3 4 1 2 5 7 6 0
15 7 8 3 1 5 7 4 6 0 2
14 8 6 3 1 5 7 4 6 2 0
15 9 6 7 1 5 2 3 4 6 0
15 9 6 2 1 0 5 3 4 6 7
15 11 4 2 1 5 6 3 4 0 7
14 12 2 2 1 5 6 3 4 7 0
15 7 8 3 1 5 2 4 6 0 7
14 8 6 3 1 5 2 4 6 7 0
15 7 8 3 0 1 5 2 4 7 6
14 8 6 3 1 0 5 2 4 7 6
13 9 4 3 1 5 0 2 4 7 6
15 9 6 1 4 5 7 3 6 0 2
14 10 4 1 4 5 7 3 6 2 0
15 9 6 1 5 6 7 3 4 0 2
14 10 4 1 5 6 7 3 4 2 0
15 9 6 1 5 7 0 3 4 6 2
14 10 4 1 5 7 2 3 4 6 0
15 9 6 1 4 5 2 3 6 0 7
14 10 4 1 4 5 2 3 6 7 0
15 9 6 1 5 6 2 3 4 0 7
14 10 4 1 5 6 2 3 4 7 0
15 11 4 1 5 2 7 3 4 0 6
15 9 6 5 3 1 0 2 4 6 7
15 5 10 5 4 1 0 3 7 6 2
14 6 8 5 4 1 2 3 7 6 0
15 7 8 2 4 1 0 3 7 6 5
15 7 8 2 4 1 5 3 7 0 6
15 9 6 3 1 7 5 2 4 0 6
14 10 4 3 1 7 5 2 4 6 0
16 4 12 0 1 5 3 7 4 6 2
13 7 6 2 1 5 3 7 4 6 0
15 5 10 1 0 5 3 7 4 6 2
16 6 10 3 1 0 2 7 4 6 5
15 7 8 3 1 2 0 7 4 6 5
14 8 6 3 1 2 5 7 4 6 0
16 6 10 3 1 0 5 7 4 2 6
15 7 8 3 1 2 5 7 4 0 6
16 4 12 4 3 1 5 7 0 6 2
16 6 10 3 1 5 6 7 0 4 2
16 6 10 3 1 0 6 7 4 5 2
16 8 8 3 1 5 6 0 4 2 7
16 8 8 3 0 5 7 1 4 6 2
16 10 6 3 1 0 7 2 4 6 5
16 8 8 3 0 5 2 1 4 6 7
16 4 12 5 3 0 1 7 4 6 2
16 6 10 5 3 1 6 7 4 0 2
15 7 8 5 3 1 6 7 4 2 0
16 6 10 5 3 1 7 0 4 6 2
16 6 10 5 3 1 2 0 4 6 7
16 6 10 2 3 0 1 7 4 6 5
16 8 8 2 3 1 6 7 4 0 5
15 9 6 2 3 1 6 7 4 5 0
16 8 8 2 3 1 7 0 4 6 5
16 6 10 2 3 0 5 7 4 1 6
15 7 8 2 3 5 0 7 4 1 6
14 8 6 2 3 5 6 7 4 1 0
16 6 10 2 3 1 5 7 0 4 6
16 6 10 7 3 0 1 2 4 6 5
16 8 8 7 3 1 6 2 4 0 5
15 9 6 7 3 1 6 2 4 5 0
16 6 10 7 3 0 5 2 4 1 6
15 7 8 7 3 5 0 2 4 1 6
14 8 6 7 3 5 6 2 4 1 0
16 6 10 7 3 1 5 2 0 4 6
16 4 12 3 4 1 0 7 6 2 5
16 6 10 3 4 0 1 2 7 6 5
16 8 8 3 4 1 6 2 7 0 5
15 9 6 3 4 1 6 2 7 5 0
16 6 10 3 4 0 5 2 7 1 6
15 7 8 3 4 5 0 2 7 1 6
14 8 6 3 4 5 6 2 7 1 0
16 8 8 7 1 5 0 3 4 6 2
16 12 4 1 5 2 6 3 4 0 7
15 13 2 1 5 2 6 3 4 7 0
16 4 12 3 1 6 5 0 7 4 2
12 6 6 3 1 6 5 2 7 4 0
15 7 8 3 1 6 0 5 7 4 2
14 8 6 3 1 6 2 5 7 4 0
15 7 8 3 1 6 5 2 7 0 4
15 7 8 3 1 6 0 2 7 4 5
16 6 10 0 1 6 5 3 4 2 7
15 7 8 1 0 6 5 3 4 2 7
16 6 10 3 1 6 5 4 0 2 7
15 7 8 3 1 6 5 4 2 0 7
14 8 6 3 1 6 5 4 2 7 0
16 8 8 3 1 6 0 5 4 2 7
15 9 6 3 1 6 7 5 4 2 0
16 6 10 3 1 5 2 0 7 4 6
15 9 6 3 1 5 0 2 7 4 6
14 10 4 3 1 5 6 2 7 4 0
16 10 6 3 1 7 0 2 4 5 6
15 11 4 3 1 7 6 2 4 5 0
16 10 6 3 1 6 5 2 4 0 7
15 11 4 3 1 6 5 2 4 7 0
16 4 12 7 3 1 5 4 6 0 2
15 5 10 7 3 1 5 4 6 2 0
16 8 8 3 0 1 5 2 4 6 7
16 8 8 3 0 1 7 2 4 6 5
16 8 8 2 3 1 5 4 6 0 7
15 9 6 2 3 1 5 4 6 7 0
16 4 12 4 0 1 5 3 7 6 2
15 5 10 4 1 0 5 3 7 6 2
14 6 8 4 1 5 0 3 7 6 2
13 7 6 4 1 5 2 3 7 6 0
16 10 6 2 1 6 5 3 4 0 7
15 11 4 2 1 6 5 3 4 7 0
16 8 8 0 3 1 5 2 4 7 6
16 10 6 1 5 6 7 3 0 4 2
16 10 6 1 5 6 2 3 0 4 7
16 8 8 2 4 1 5 3 0 7 6
16 8 8 2 1 5 0 7 4 6 3
16 8 8 2 1 5 3 7 4 0 6
16 6 10 1 4 5 3 7 0 6 2
16 6 10 1 5 0 3 7 4 6 2
15 7 8 1 5 3 0 7 4 6 2
14 8 6 1 5 3 2 7 4 6 0
15 7 8 1 5 6 3 7 4 0 2
14 8 6 1 5 6 3 7 4 2 0
16 8 8 3 1 0 5 2 7 6 4
15 9 6 3 1 5 0 2 7 6 4
14 10 4 3 1 5 4 2 7 6 0
16 8 8 3 1 6 5 2 0 7 4
16 8 8 3 1 0 6 2 7 4 5
15 9 6 3 1 4 6 2 7 0 5
14 10 4 3 1 4 6 2 7 5 0
16 8 8 5 1 6 0 3 4 2 7
15 9 6 5 1 6 7 3 4 2 0
16 8 8 1 4 6 5 3 0 2 7
15 9 6 1 4 6 5 3 2 0 7
14 10 4 1 4 6 5 3 2 7 0
16 8 8 1 6 0 5 3 4 2 7
15 9 6 1 6 2 5 3 4 0 7
14 10 4 1 6 2 5 3 4 7 0
15 9 6 1 6 5 0 3 4 2 7
14 10 4 1 6 5 7 3 4 2 0
16 8 8 3 1 0 5 4 2 6 7
15 9 6 3 1 5 0 4 2 6 7
14 10 4 3 1 5 7 4 2 6 0
16 8 8 3 1 5 2 6 7 4 0
16 6 10 4 1 6 5 3 7 0 2
15 7 8 4 1 6 5 3 7 2 0
16 8 8 4 1 5 2 3 7 0 6
16 10 6 5 3 1 0 2 4 7 6
15 11 4 5 3 1 6 2 4 7 0
16 8 8 1 5 6 3 7 0 4 2
16 10 6 3 1 4 6 2 0 7 5
16 10 6 1 4 0 5 3 2 6 7
15 11 4 1 4 5 0 3 2 6 7
14 12 2 1 4 5 7 3 2 6 0
17 7 10 2 3 0 5 7 4 6 1
16 8 8 2 3 5 0 7 4 6 1
15 9 6 2 3 5 1 7 4 6 0
17 7 10 3 1 6 2 7 4 0 5
16 8 8 3 1 6 2 7 4 5 0
17 7 10 3 1 6 7 0 4 2 5
17 5 12 7 0 1 5 3 4 6 2
16 6 10 7 1 0 5 3 4 6 2
17 7 10 7 3 0 5 2 4 6 1
16 8 8 7 3 5 0 2 4 6 1
15 9 6 7 3 5 1 2 4 6 0
17 9 8 2 0 1 5 3 4 6 7
17 3 14 3 4 0 5 7 6 1 2
16 4 12 3 4 5 0 7 6 1 2
15 5 10 3 4 5 2 7 6 1 0
17 5 12 3 4 1 5 0 6 2 7
17 5 12 3 0 1 5 4 7 6 2
16 6 10 3 1 0 5 4 7 6 2
15 7 8 3 1 5 0 4 7 6 2
14 8 6 3 1 5 2 4 7 6 0
17 7 10 3 4 0 5 2 7 6 1
16 8 8 3 4 5 0 2 7 6 1
15 9 6 3 4 5 1 2 7 6 0
17 9 8 4 1 5 7 3 0 6 2
17 7 10 3 0 5 7 4 1 6 2
17 9 8 4 1 5 2 3 0 6 7
17 7 10 3 0 5 2 4 1 6 7
17 7 10 3 4 1 5 0 2 7 6
17 11 6 2 1 5 7 3 0 4 6
17 11 6 2 1 0 7 3 4 5 6
17 9 8 1 4 5 7 0 3 6 2
13 11 2 1 4 5 7 2 3 6 0
16 12 4 1 4 5 7 2 3 0 6
16 12 4 1 4 5 0 2 3 6 7
17 9 8 1 4 5 2 0 3 6 7
17 9 8 3 1 2 7 0 4 5 6
17 9 8 3 1 2 6 0 4 5 7
17 7 10 3 1 2 6 7 0 4 5
17 7 10 0 3 1 7 5 4 6 2
17 7 10 7 3 1 2 5 4 0 6
17 11 6 5 3 1 7 2 4 0 6
17 11 6 2 3 1 7 5 4 0 6
17 7 10 3 4 1 2 5 7 0 6
17 9 8 3 1 5 0 4 6 2 7
17 13 4 2 1 5 0 3 4 7 6
17 9 8 3 1 5 0 4 6 7 2
17 11 6 1 4 5 0 3 6 2 7
17 11 6 1 5 6 0 3 4 2 7
17 11 6 1 5 7 2 3 4 0 6
17 11 6 1 4 5 0 3 6 7 2
17 11 6 1 5 6 0 3 4 7 2
17 7 10 5 4 1 2 3 7 0 6
17 11 6 3 1 7 0 2 4 6 5
17 5 12 7 1 5 3 0 4 6 2
13 7 6 7 1 5 3 2 4 6 0
16 8 8 7 1 5 0 2 4 6 3
16 8 8 7 1 5 3 2 4 0 6
17 9 8 2 1 5 3 0 4 6 7
17 5 12 4 3 1 5 7 6 0 2
16 6 10 4 3 1 5 7 6 2 0
17 5 12 4 3 1 5 0 7 6 2
13 7 6 4 3 1 5 2 7 6 0
16 8 8 4 3 1 0 2 7 6 5
16 8 8 4 3 1 5 2 7 0 6
17 7 10 3 1 5 6 0 7 4 2
17 7 10 3 1 6 0 7 4 5 2
17 9 8 0 1 5 6 3 4 2 7
16 10 6 1 0 5 6 3 4 2 7
17 9 8 3 1 5 6 4 0 2 7
16 10 6 3 1 5 6 4 2 0 7
15 11 4 3 1 5 6 4 2 7 0
17 9 8 0 3 5 7 1 4 6 2
14 12 2 2 3 5 7 1 4 6 0
16 10 6 1 3 5 7 0 4 6 2
12 12 0 1 3 5 7 2 4 6 0
