8 0 8 3 6 7 2 0 5 1 4
8 1 7 3 6 7 2 5 0 1 4
8 2 6 3 0 7 2 5 6 1 4
9 1 8 0 6 7 2 3 5 1 4
9 2 7 3 6 7 2 4 5 1 0
9 2 7 3 6 7 2 5 1 0 4
9 3 6 0 3 7 2 5 6 1 4
9 3 6 3 7 0 2 5 6 1 4
9 3 6 3 6 7 2 5 1 4 0
9 3 6 3 6 0 2 5 1 7 4
10 3 7 3 6 7 0 2 5 1 4
10 2 8 6 0 7 2 3 5 1 4
10 4 6 3 7 1 2 5 6 0 4
10 4 6 3 7 2 0 5 6 1 4
9 5 4 3 7 2 4 5 6 1 0
10 4 6 3 6 2 0 5 1 7 4
9 5 4 3 6 2 4 5 1 7 0
10 4 6 3 0 6 2 5 1 7 4
10 4 6 3 6 7 4 2 5 1 0
10 4 6 3 6 0 7 2 5 1 4
10 5 5 3 7 1 2 5 6 4 0
11 3 8 3 0 7 2 6 5 1 4
11 3 8 2 6 7 0 3 5 1 4
10 4 6 2 6 7 4 3 5 1 0
11 4 7 4 6 7 2 3 5 1 0
11 3 8 3 6 7 2 4 5 0 1
11 3 8 3 6 7 0 4 5 1 2
11 4 7 5 3 7 2 0 6 1 4
11 5 6 2 3 7 0 5 6 1 4
10 6 4 2 3 7 4 5 6 1 0
11 6 5 4 3 7 2 5 6 1 0
11 4 7 3 6 7 0 5 1 4 2
11 3 8 6 5 7 2 3 0 1 4
11 3 8 6 7 0 2 3 5 1 4
11 6 5 3 7 2 4 5 6 0 1
11 5 6 3 1 6 2 5 0 7 4
11 5 6 0 3 6 2 5 1 7 4
11 5 6 3 6 1 7 2 5 0 4
11 5 6 3 0 6 7 2 5 1 4
11 4 7 0 3 7 2 6 5 1 4
11 4 7 2 6 0 7 3 5 1 4
11 4 7 3 6 0 2 4 5 7 1
11 4 7 3 6 0 7 4 5 1 2
11 6 5 3 6 1 7 2 5 4 0
11 6 5 0 3 6 7 2 5 1 4
12 4 8 5 6 7 2 3 0 1 4
12 5 7 0 6 7 3 2 5 1 4
12 5 7 3 7 1 2 5 0 6 4
12 6 6 0 7 2 3 5 6 1 4
12 6 6 0 6 2 3 5 1 7 4
12 6 6 3 6 2 4 5 1 0 7
12 5 7 3 6 7 4 2 5 0 1
12 6 6 3 7 1 0 5 6 4 2
12 4 8 3 5 7 2 6 0 1 4
12 4 8 3 7 0 2 6 5 1 4
12 5 7 2 6 7 4 3 5 0 1
12 4 8 3 6 7 2 4 0 5 1
12 5 7 5 3 7 2 6 0 1 4
12 6 6 5 3 7 2 4 6 1 0
12 6 6 2 3 0 7 5 6 1 4
12 7 5 2 3 7 4 5 6 0 1
12 5 7 3 6 0 7 5 1 4 2
12 4 8 6 5 7 2 3 1 0 4
12 4 8 6 5 7 2 0 3 1 4
12 4 8 6 7 1 2 3 5 0 4
12 4 8 6 7 2 0 3 5 1 4
11 5 6 6 7 2 4 3 5 1 0
12 7 5 3 7 0 4 5 6 2 1
12 6 6 3 6 1 7 2 0 5 4
12 6 6 3 5 6 7 2 0 1 4
12 5 7 6 3 7 2 0 5 1 4
12 5 7 2 6 1 7 3 5 0 4
12 5 7 2 0 6 7 3 5 1 4
12 5 7 3 6 2 0 4 5 7 1
12 5 7 3 0 6 2 4 5 7 1
12 5 7 3 6 1 7 4 5 0 2
12 5 7 3 0 6 7 4 5 1 2
12 5 7 5 0 7 2 3 6 1 4
12 6 6 3 6 0 4 2 5 7 1
12 5 7 3 5 7 2 0 6 1 4
12 6 6 2 6 0 4 3 5 7 1
12 5 7 3 6 7 2 0 4 5 1
12 5 7 3 0 7 2 4 6 5 1
12 7 5 2 0 3 7 5 6 1 4
12 8 4 2 3 0 4 5 6 7 1
12 5 7 6 5 7 2 3 1 4 0
12 5 7 6 5 0 2 3 1 7 4
12 5 7 6 7 1 2 3 5 4 0
12 6 6 2 6 1 7 3 5 4 0
12 6 6 3 6 2 1 4 5 7 0
12 6 6 3 6 1 7 4 5 2 0
12 6 6 0 3 6 7 4 5 1 2
12 8 4 0 2 3 7 5 6 1 4
12 9 3 2 0 3 4 5 6 7 1
12 10 2 0 2 3 4 5 6 7 1
13 5 8 0 6 7 2 4 5 1 3
13 5 8 3 6 0 2 4 5 1 7
13 6 7 6 3 7 2 5 0 1 4
13 5 8 3 6 7 2 0 1 4 5
13 6 7 0 6 7 2 5 1 4 3
13 6 7 3 6 0 2 5 1 4 7
13 6 7 3 6 7 1 2 5 0 4
13 7 6 3 7 2 1 5 6 0 4
13 7 6 3 7 2 4 0 6 1 5
13 8 5 3 7 0 4 5 6 1 2
13 8 5 0 7 2 4 5 6 1 3
13 7 6 3 6 2 4 0 1 7 5
13 8 5 3 6 0 4 5 1 7 2
13 8 5 0 6 2 4 5 1 7 3
13 6 7 3 6 7 4 0 5 1 2
13 6 7 2 6 7 4 0 5 1 3
13 5 8 4 6 7 2 3 5 0 1
13 5 8 4 6 7 0 3 5 1 2
13 5 8 0 6 7 3 4 5 1 2
13 7 6 5 3 7 0 2 6 1 4
13 7 6 4 3 7 2 5 6 0 1
13 7 6 4 3 7 0 5 6 1 2
13 6 7 0 6 7 3 5 1 4 2
13 7 6 3 6 7 4 5 1 0 2
13 7 6 3 7 2 4 5 0 6 1
13 6 7 3 1 6 2 0 5 7 4
13 6 7 3 1 6 2 5 7 0 4
13 6 7 5 3 6 2 0 1 7 4
13 7 6 2 3 6 0 5 1 7 4
12 8 4 2 3 6 4 5 1 7 0
13 8 5 1 3 6 2 5 0 7 4
13 8 5 4 3 6 2 5 1 7 0
13 6 7 2 3 7 0 6 5 1 4
13 7 6 4 3 7 2 6 5 1 0
13 7 6 2 3 6 7 0 5 1 4
13 9 4 4 3 6 7 2 5 1 0
13 5 8 5 6 7 2 3 1 0 4
13 5 8 5 6 7 2 0 3 1 4
13 6 7 6 0 7 3 2 5 1 4
13 6 7 3 7 1 2 0 5 6 4
13 6 7 3 0 1 2 5 7 6 4
13 7 6 7 0 2 3 5 6 1 4
13 7 6 6 0 2 3 5 1 7 4
13 7 6 3 6 2 4 5 0 1 7
13 7 6 3 6 0 4 5 1 2 7
13 6 7 3 6 7 4 2 0 5 1
13 7 6 3 7 0 1 5 6 4 2
13 5 8 3 5 7 2 6 1 0 4
13 5 8 3 7 1 2 6 5 0 4
13 5 8 3 7 2 0 6 5 1 4
12 6 6 3 7 2 4 6 5 1 0
13 6 7 2 6 7 4 3 0 5 1
13 6 7 5 3 7 2 6 1 0 4
13 7 6 2 3 1 7 5 6 0 4
13 6 7 3 6 4 7 5 1 0 2
13 6 7 3 0 6 7 5 1 4 2
13 5 8 0 5 7 2 6 3 1 4
13 6 7 6 5 7 2 4 3 1 0
13 5 8 6 7 1 2 3 0 5 4
13 6 7 6 7 2 4 3 5 0 1
13 8 5 3 0 7 4 5 6 2 1
13 7 6 3 0 1 7 2 6 5 4
13 7 6 3 5 6 7 2 1 0 4
13 7 6 6 3 7 2 4 5 1 0
13 6 7 2 6 1 7 3 0 5 4
13 6 7 0 2 6 7 3 5 1 4
13 6 7 2 5 6 7 3 0 1 4
13 6 7 0 3 6 2 4 5 7 1
13 6 7 3 5 6 2 4 0 7 1
13 6 7 3 6 1 7 4 0 5 2
13 6 7 3 5 6 7 4 0 1 2
13 6 7 0 5 7 2 3 6 1 4
13 6 7 5 7 0 2 3 6 1 4
13 7 6 3 0 6 4 2 5 7 1
13 7 6 3 5 7 2 4 6 1 0
13 7 6 2 0 6 4 3 5 7 1
13 6 7 0 6 7 2 3 4 5 1
13 7 6 3 6 7 2 1 4 5 0
13 6 7 0 3 7 2 4 6 5 1
13 6 7 3 7 0 2 4 6 5 1
13 6 7 6 5 2 0 3 1 7 4
12 7 5 6 5 2 4 3 1 7 0
13 6 7 6 0 5 2 3 1 7 4
13 7 6 4 3 6 7 0 5 1 2
13 13 0 1 2 3 4 5 6 7 0
