14 0 14 3 6 7 2 0 5 1 4
12 2 10 3 6 7 2 4 5 1 0
13 1 12 3 6 7 2 5 0 1 4
12 2 10 3 6 7 2 5 1 0 4
11 3 8 3 6 7 2 5 1 4 0
13 3 10 3 6 7 0 2 5 1 4
12 4 8 3 6 7 4 2 5 1 0
13 3 10 3 6 0 2 5 1 7 4
12 4 8 3 6 2 0 5 1 7 4
11 5 6 3 6 2 4 5 1 7 0
14 2 12 3 0 7 2 5 6 1 4
14 4 10 3 6 7 0 5 1 4 2
14 4 10 3 6 0 7 2 5 1 4
13 5 8 3 6 1 7 2 5 0 4
12 6 6 3 6 1 7 2 5 4 0
14 4 10 3 0 6 2 5 1 7 4
13 5 8 3 1 6 2 5 0 7 4
14 6 8 3 6 2 4 5 1 0 7
14 6 8 3 1 6 2 5 7 0 4
13 7 6 3 1 6 2 5 7 4 0
15 1 14 0 6 7 2 3 5 1 4
13 3 10 2 6 7 0 3 5 1 4
12 4 8 2 6 7 4 3 5 1 0
14 4 10 4 6 7 2 3 5 1 0
14 4 10 2 6 0 7 3 5 1 4
13 5 8 2 6 1 7 3 5 0 4
12 6 6 2 6 1 7 3 5 4 0
15 3 12 3 6 7 2 4 5 0 1
15 3 12 3 6 7 0 4 5 1 2
15 5 10 3 6 7 4 2 5 0 1
15 7 8 3 6 2 7 5 1 0 4
14 8 6 3 6 2 7 5 1 4 0
15 3 12 0 3 7 2 5 6 1 4
13 5 8 2 3 7 0 5 6 1 4
12 6 6 2 3 7 4 5 6 1 0
14 6 8 2 3 0 7 5 6 1 4
13 7 6 2 3 1 7 5 6 0 4
12 8 4 2 3 1 7 5 6 4 0
15 3 12 3 7 0 2 5 6 1 4
14 4 10 3 7 1 2 5 6 0 4
13 5 8 3 7 1 2 5 6 4 0
14 4 10 3 7 2 0 5 6 1 4
13 5 8 3 7 2 4 5 6 1 0
15 5 10 3 6 0 7 5 1 4 2
15 5 10 3 0 6 7 2 5 1 4
14 6 8 3 5 6 7 2 0 1 4
13 7 6 3 5 6 7 2 1 0 4
12 8 4 3 5 6 7 2 1 4 0
15 7 8 3 6 1 0 2 5 4 7
15 5 10 0 3 6 2 5 1 7 4
13 7 6 2 3 6 0 5 1 7 4
12 8 4 2 3 6 4 5 1 7 0
14 8 6 1 3 6 2 5 0 7 4
15 5 10 2 6 7 4 3 5 0 1
15 5 10 2 0 6 7 3 5 1 4
14 6 8 2 5 6 7 3 0 1 4
13 7 6 2 5 6 7 3 1 0 4
12 8 4 2 5 6 7 3 1 4 0
15 7 8 2 6 1 0 3 5 4 7
15 7 8 2 3 7 4 5 6 0 1
15 7 8 2 0 3 7 5 6 1 4
15 9 6 2 3 1 0 5 6 4 7
15 9 6 3 5 6 0 2 1 4 7
15 9 6 2 3 6 4 5 1 0 7
15 9 6 1 0 6 2 5 3 7 4
15 9 6 1 3 6 2 5 7 0 4
14 10 4 1 3 6 2 5 7 4 0
15 7 8 2 5 6 7 0 3 1 4
15 9 6 2 5 6 0 3 1 4 7
15 9 6 2 5 6 7 4 3 1 0
16 6 10 3 6 0 2 5 1 4 7
15 7 8 3 6 2 0 5 1 4 7
16 6 10 3 6 7 1 2 5 0 4
15 7 8 3 6 7 1 2 5 4 0
16 6 10 0 6 2 3 5 1 7 4
15 9 6 1 6 2 3 5 0 7 4
16 6 10 3 6 1 7 2 0 5 4
16 6 10 3 1 6 2 0 5 7 4
14 8 6 3 1 6 2 4 5 7 0
15 9 6 3 1 6 0 2 5 7 4
14 10 4 3 1 6 4 2 5 7 0
16 8 8 3 1 6 0 5 7 4 2
16 2 14 6 0 7 2 3 5 1 4
15 3 12 6 5 7 2 3 0 1 4
14 4 10 6 5 7 2 3 1 0 4
13 5 8 6 5 7 2 3 1 4 0
15 5 10 6 5 0 2 3 1 7 4
14 6 8 6 5 2 0 3 1 7 4
13 7 6 6 5 2 4 3 1 7 0
16 4 12 5 6 7 2 3 0 1 4
15 5 10 5 6 7 2 3 1 0 4
14 6 8 5 6 7 2 3 1 4 0
16 6 10 2 6 7 1 3 5 0 4
15 7 8 2 6 7 1 3 5 4 0
16 6 10 2 6 1 7 3 0 5 4
16 4 12 3 6 0 2 4 5 7 1
15 5 10 3 6 2 0 4 5 7 1
14 6 8 3 6 2 1 4 5 7 0
16 4 12 3 6 0 7 4 5 1 2
15 5 10 3 6 1 7 4 5 0 2
14 6 8 3 6 1 7 4 5 2 0
16 6 10 3 6 0 4 2 5 7 1
15 7 8 3 6 4 0 2 5 7 1
14 8 6 3 6 4 1 2 5 7 0
16 4 12 5 3 7 2 0 6 1 4
15 7 8 5 3 7 0 2 6 1 4
14 8 6 5 3 7 4 2 6 1 0
16 6 10 4 3 7 2 5 6 1 0
16 8 8 2 3 7 1 5 6 0 4
15 9 6 2 3 7 1 5 6 4 0
16 8 8 2 3 1 7 5 0 6 4
16 6 10 3 7 1 0 5 6 4 2
16 6 10 3 7 2 4 5 6 0 1
16 6 10 3 6 4 7 5 1 0 2
15 7 8 3 6 4 7 5 1 2 0
16 6 10 3 0 6 7 5 1 4 2
15 7 8 3 1 6 7 5 0 4 2
16 6 10 0 3 6 7 2 5 1 4
15 9 6 4 3 6 7 2 5 1 0
16 8 8 3 5 0 7 2 1 6 4
16 6 10 5 3 6 2 0 1 7 4
15 7 8 5 3 6 2 1 0 7 4
15 9 6 5 3 6 0 2 1 7 4
14 10 4 5 3 6 4 2 1 7 0
16 8 8 4 3 6 2 5 1 7 0
16 8 8 2 3 0 6 5 1 7 4
16 10 6 2 3 6 7 5 1 0 4
15 11 4 2 3 6 7 5 1 4 0
16 6 10 2 6 0 4 3 5 7 1
15 7 8 2 6 4 0 3 5 7 1
14 8 6 2 6 4 1 3 5 7 0
16 6 10 0 2 6 7 3 5 1 4
15 9 6 4 2 6 7 3 5 1 0
16 8 8 2 5 0 7 3 1 6 4
16 8 8 2 3 0 4 5 6 7 1
16 8 8 0 2 3 7 5 6 1 4
16 8 8 2 6 3 7 5 0 1 4
15 9 6 2 6 3 7 5 1 0 4
14 10 4 2 6 3 7 5 1 4 0
16 10 6 1 6 0 2 5 3 7 4
15 11 4 1 6 2 0 5 3 7 4
14 12 2 1 6 2 4 5 3 7 0
16 8 8 0 5 6 7 2 3 1 4
16 10 6 1 0 2 3 5 6 7 4
15 11 4 1 2 0 3 5 6 7 4
14 12 2 1 2 3 0 5 6 7 4
13 13 0 1 2 3 4 5 6 7 0
