14 0 14 0 7 3 1 4 5 6 2
10 2 8 1 7 3 0 4 5 6 2
9 3 6 1 7 3 2 4 5 6 0
11 3 8 2 7 3 1 4 5 6 0
12 4 8 1 7 3 2 4 5 0 6
13 3 10 1 7 0 3 4 5 6 2
13 5 8 1 7 3 6 4 5 0 2
12 6 6 1 7 3 6 4 5 2 0
14 4 10 2 7 3 0 4 5 6 1
14 4 10 2 7 3 1 4 5 0 6
14 4 10 1 7 6 3 4 5 0 2
13 5 8 1 7 6 3 4 5 2 0
14 4 10 1 0 7 3 4 5 6 2
15 1 14 4 7 3 1 0 5 6 2
11 3 8 4 7 3 1 2 5 6 0
14 4 10 4 7 3 0 1 5 6 2
13 5 8 4 7 3 2 1 5 6 0
14 4 10 4 7 3 0 2 5 6 1
14 4 10 4 7 3 1 2 5 0 6
15 1 14 7 0 3 1 4 5 6 2
14 2 12 7 3 0 1 4 5 6 2
13 3 10 7 3 1 0 4 5 6 2
12 4 8 7 3 1 2 4 5 6 0
15 5 10 1 7 3 4 0 5 6 2
11 7 4 1 7 3 4 2 5 6 0
14 6 8 1 7 3 4 5 0 6 2
13 7 6 1 7 3 4 5 6 0 2
12 8 4 1 7 3 4 5 6 2 0
14 8 6 1 7 3 0 2 5 6 4
14 8 6 1 7 3 4 2 5 0 6
15 5 10 1 7 3 2 0 5 6 4
14 6 8 1 7 3 2 5 0 6 4
13 7 6 1 7 3 2 5 6 0 4
12 8 4 1 7 3 2 5 6 4 0
15 5 10 1 7 0 2 4 5 3 6
14 6 8 1 7 2 0 4 5 3 6
13 7 6 1 7 2 6 4 5 3 0
15 5 10 1 7 3 2 4 0 5 6
15 7 8 1 7 3 0 4 5 2 6
15 5 10 1 5 7 3 4 0 6 2
14 6 8 1 5 7 3 4 6 0 2
13 7 6 1 5 7 3 4 6 2 0
15 3 12 7 3 6 1 4 5 0 2
14 4 10 7 3 6 1 4 5 2 0
15 5 10 0 3 1 7 4 5 6 2
12 8 4 2 3 1 7 4 5 6 0
15 5 10 7 3 1 2 4 5 0 6
15 7 8 1 0 3 4 5 7 6 2
15 9 6 1 7 3 0 5 6 2 4
15 7 8 1 0 3 2 5 7 6 4
15 9 6 1 7 3 0 5 6 4 2
15 7 8 1 5 0 3 4 6 7 2
14 8 6 1 5 3 0 4 6 7 2
13 9 4 1 5 3 2 4 6 7 0
15 9 6 2 3 1 7 4 5 0 6
15 9 6 2 3 1 0 4 5 6 7
16 6 10 1 7 0 2 4 5 6 3
15 7 8 1 7 2 0 4 5 6 3
14 8 6 1 7 2 3 4 5 6 0
16 6 10 1 7 0 6 4 5 3 2
16 6 10 1 7 3 6 4 0 5 2
16 6 10 1 7 6 0 4 5 2 3
16 2 14 4 7 3 1 5 0 6 2
15 3 12 4 7 3 1 5 6 0 2
14 4 10 4 7 3 1 5 6 2 0
16 6 10 4 7 3 2 1 5 0 6
16 2 14 7 5 3 1 4 0 6 2
15 3 12 7 5 3 1 4 6 0 2
14 4 10 7 5 3 1 4 6 2 0
16 6 10 7 3 1 6 4 5 0 2
15 7 8 7 3 1 6 4 5 2 0
16 8 8 1 7 0 4 5 6 3 2
16 8 8 1 7 0 2 5 6 3 4
15 9 6 1 7 2 0 5 6 3 4
14 10 4 1 7 2 4 5 6 3 0
16 6 10 1 0 7 2 4 5 3 6
16 8 8 1 7 2 6 4 5 0 3
16 6 10 1 7 3 2 0 4 5 6
15 9 6 1 7 3 0 2 4 5 6
14 10 4 1 7 3 6 2 4 5 0
16 6 10 1 0 3 2 4 7 5 6
15 7 8 1 3 0 2 4 7 5 6
14 8 6 1 3 2 0 4 7 5 6
13 9 4 1 3 2 6 4 7 5 0
14 8 6 1 3 5 2 4 7 0 6
13 9 4 1 3 5 2 4 7 6 0
15 9 6 1 3 5 2 4 0 7 6
16 6 10 1 5 7 3 0 4 6 2
12 8 4 1 5 7 3 2 4 6 0
15 9 6 1 5 7 0 3 4 6 2
14 10 4 1 5 7 2 3 4 6 0
15 9 6 1 5 7 0 2 4 6 3
15 9 6 1 5 7 3 2 4 0 6
16 8 8 1 5 7 0 4 6 2 3
16 6 10 3 0 1 7 4 5 6 2
15 7 8 3 1 0 7 4 5 6 2
16 6 10 4 3 1 7 0 5 6 2
12 8 4 4 3 1 7 2 5 6 0
15 9 6 4 3 1 7 2 5 0 6
15 9 6 4 3 1 0 2 5 6 7
16 8 8 1 3 0 4 5 7 6 2
15 9 6 1 3 4 0 5 7 6 2
14 10 4 1 3 4 2 5 7 6 0
15 9 6 1 3 6 4 5 7 0 2
14 10 4 1 3 6 4 5 7 2 0
16 8 8 1 3 0 2 5 7 6 4
15 9 6 1 3 2 0 5 7 6 4
14 10 4 1 3 2 4 5 7 6 0
15 9 6 1 3 6 2 5 7 0 4
14 10 4 1 3 6 2 5 7 4 0
16 10 6 1 5 3 2 4 6 0 7
16 8 8 1 7 3 2 6 4 5 0
16 10 6 1 3 2 6 4 7 0 5
16 10 6 1 3 5 0 4 7 6 2
16 10 6 1 3 5 2 0 4 7 6
15 13 2 1 3 5 0 2 4 7 6
14 14 0 1 3 5 6 2 4 7 0
16 10 6 1 5 0 7 3 4 6 2
16 10 6 1 5 0 7 2 4 6 3
15 11 4 1 5 6 7 2 4 0 3
14 12 2 1 5 6 7 2 4 3 0
16 10 6 1 5 7 3 2 0 4 6
16 10 6 1 5 0 3 2 4 7 6
15 11 4 1 5 3 0 2 4 7 6
14 12 2 1 5 3 6 2 4 7 0
16 8 8 3 1 6 7 4 5 0 2
15 9 6 3 1 6 7 4 5 2 0
16 8 8 3 1 7 0 4 5 6 2
15 9 6 3 1 7 2 4 5 6 0
16 10 6 1 3 6 4 5 0 7 2
16 10 6 1 3 6 2 5 0 7 4
16 12 4 1 3 5 2 6 4 7 0
16 12 4 1 5 6 7 2 0 4 3
17 3 14 5 7 3 1 4 0 6 2
16 4 12 5 7 3 1 4 6 0 2
15 5 10 5 7 3 1 4 6 2 0
17 5 12 2 7 3 1 0 5 6 4
16 6 10 2 7 3 1 5 0 6 4
15 7 8 2 7 3 1 5 6 0 4
14 8 6 2 7 3 1 5 6 4 0
16 8 8 2 7 3 0 1 5 6 4
15 9 6 2 7 3 4 1 5 6 0
17 5 12 2 7 0 3 4 5 6 1
17 7 10 2 7 3 6 4 5 0 1
16 8 8 2 7 3 6 4 5 1 0
17 5 12 2 7 0 1 4 5 3 6
16 6 10 2 7 1 0 4 5 3 6
15 7 8 2 7 1 6 4 5 3 0
17 5 12 2 7 3 1 4 0 5 6
17 5 12 1 7 6 3 4 0 5 2
17 7 10 1 7 6 3 0 5 2 4
16 8 8 1 7 6 3 5 0 2 4
15 9 6 1 7 6 3 5 2 0 4
14 10 4 1 7 6 3 5 2 4 0
17 5 12 0 1 7 3 4 5 6 2
14 8 6 2 1 7 3 4 5 6 0
17 5 12 4 7 0 3 1 5 6 2
17 7 10 4 7 3 6 1 5 0 2
16 8 8 4 7 3 6 1 5 2 0
17 5 12 4 7 0 3 2 5 6 1
17 7 10 4 7 3 6 2 5 0 1
16 8 8 4 7 3 6 2 5 1 0
17 5 12 4 7 0 1 2 5 3 6
16 6 10 4 7 1 0 2 5 3 6
15 7 8 4 7 1 6 2 5 3 0
17 5 12 4 7 3 1 2 0 5 6
17 7 10 0 3 1 2 4 5 6 7
17 9 8 1 7 0 3 2 5 6 4
16 10 6 1 7 6 3 2 5 0 4
15 11 4 1 7 6 3 2 5 4 0
17 11 6 1 7 3 6 2 5 0 4
16 12 4 1 7 3 6 2 5 4 0
17 9 8 1 7 0 4 2 5 3 6
16 10 6 1 7 4 0 2 5 3 6
15 11 4 1 7 4 6 2 5 3 0
17 9 8 1 7 3 4 2 0 5 6
17 9 8 1 7 2 3 4 5 0 6
17 9 8 1 5 7 3 0 6 2 4
17 5 12 7 3 6 0 4 5 2 1
17 11 6 1 5 3 4 0 6 7 2
13 13 0 1 5 3 4 2 6 7 0
16 14 2 1 5 3 0 2 6 7 4
16 14 2 1 5 3 4 2 6 0 7
17 11 6 1 5 3 7 4 6 0 2
16 12 4 1 5 3 7 4 6 2 0
17 11 6 1 5 3 2 0 6 7 4
17 7 10 1 7 6 2 4 5 0 3
16 8 8 1 7 6 2 4 5 3 0
17 7 10 1 0 7 2 4 5 6 3
17 7 10 1 7 6 0 4 5 3 2
17 7 10 1 0 7 6 4 5 3 2
17 7 10 1 7 3 6 0 4 5 2
17 7 10 1 0 3 6 4 7 5 2
16 8 8 1 3 0 6 4 7 5 2
15 9 6 1 3 5 6 4 7 0 2
14 10 4 1 3 5 6 4 7 2 0
16 10 6 1 3 5 6 4 0 7 2
17 7 10 1 7 0 6 4 5 2 3
17 3 14 4 0 3 1 5 7 6 2
16 4 12 4 3 0 1 5 7 6 2
15 5 10 4 3 1 0 5 7 6 2
14 6 8 4 3 1 2 5 7 6 0
17 5 12 4 7 3 0 5 6 2 1
17 3 14 7 5 3 1 0 4 6 2
13 5 8 7 5 3 1 2 4 6 0
16 6 10 7 5 3 0 1 4 6 2
15 7 8 7 5 3 2 1 4 6 0
16 6 10 7 5 3 0 2 4 6 1
16 6 10 7 5 3 1 2 4 0 6
17 5 12 7 5 3 0 4 6 2 1
17 9 8 1 7 4 0 5 6 3 2
16 10 6 1 7 4 2 5 6 3 0
17 9 8 1 0 7 4 5 6 3 2
17 9 8 1 0 7 2 5 6 3 4
17 11 6 1 7 2 4 5 6 0 3
17 7 10 1 5 7 2 4 0 3 6
16 8 8 1 5 7 2 4 3 0 6
15 9 6 1 5 7 2 4 3 6 0
17 11 6 1 7 3 6 2 4 0 5
17 11 6 1 3 2 5 4 7 0 6
16 12 4 1 3 2 5 4 7 6 0
17 11 6 1 5 0 3 2 4 6 7
16 12 4 1 5 3 0 2 4 6 7
15 13 2 1 5 3 7 2 4 6 0
16 12 4 1 5 6 3 2 4 0 7
15 13 2 1 5 6 3 2 4 7 0
17 11 6 1 5 7 2 3 4 0 6
17 9 8 1 5 0 7 4 6 2 3
16 10 6 1 5 2 7 4 6 0 3
15 11 4 1 5 2 7 4 6 3 0
17 7 10 3 5 1 7 4 0 6 2
17 7 10 4 3 1 7 5 0 6 2
17 11 6 1 3 4 2 5 7 0 6
17 11 6 1 3 6 0 5 7 2 4
17 11 6 1 3 2 4 5 7 0 6
17 11 6 1 3 6 0 5 7 4 2
17 11 6 1 3 2 6 4 0 7 5
17 15 2 1 3 5 6 2 4 0 7
17 11 6 1 0 5 7 3 4 6 2
17 11 6 1 5 6 7 3 4 0 2
16 12 4 1 5 6 7 3 4 2 0
17 11 6 1 0 5 7 2 4 6 3
17 13 4 1 5 6 0 2 4 3 7
17 11 6 1 0 5 3 2 4 7 6
17 13 4 1 5 3 6 2 4 0 7
17 11 6 1 0 6 4 5 3 7 2
17 11 6 1 0 6 2 5 3 7 4
17 7 10 2 0 3 1 5 7 6 4
17 9 8 2 7 3 0 5 6 4 1
17 9 8 1 0 6 3 5 7 2 4
17 11 6 1 7 6 0 5 2 4 3
17 9 8 2 1 7 0 4 5 6 3
17 9 8 2 1 7 3 4 5 0 6
17 9 8 1 3 6 0 4 7 5 2
16 10 6 1 3 6 2 4 7 5 0
17 11 6 1 3 5 0 4 7 2 6
17 11 6 1 3 5 6 0 4 7 2
17 5 12 4 3 6 1 5 7 0 2
16 6 10 4 3 6 1 5 7 2 0
17 7 10 4 3 1 2 5 7 0 6
17 7 10 7 5 3 1 2 0 4 6
17 9 8 1 5 0 2 4 3 7 6
16 10 6 1 5 2 0 4 3 7 6
15 11 4 1 5 2 6 4 3 7 0
17 13 4 1 5 6 3 2 0 4 7
18 6 12 2 7 0 1 4 5 6 3
17 7 10 2 7 1 0 4 5 6 3
16 8 8 2 7 1 3 4 5 6 0
18 8 10 1 7 3 6 0 5 2 4
17 9 8 1 7 3 6 5 0 2 4
16 10 6 1 7 3 6 5 2 0 4
15 11 4 1 7 3 6 5 2 4 0
18 8 10 1 7 0 3 4 5 2 6
18 4 14 4 0 3 1 7 5 6 2
17 5 12 4 3 0 1 7 5 6 2
16 6 10 4 3 1 0 7 5 6 2
15 7 8 4 3 1 2 7 5 6 0
18 6 12 4 7 0 1 2 5 6 3
17 7 10 4 7 1 0 2 5 6 3
16 8 8 4 7 1 3 2 5 6 0
18 6 12 0 7 3 1 2 5 6 4
18 6 12 0 7 3 4 1 5 6 2
18 6 12 0 7 3 4 2 5 6 1
18 6 12 7 3 1 4 0 5 6 2
14 8 6 7 3 1 4 2 5 6 0
17 9 8 7 3 1 0 2 5 6 4
17 9 8 7 3 1 4 2 5 0 6
18 6 12 7 3 1 2 0 5 6 4
18 8 10 1 0 3 4 7 5 6 2
17 9 8 1 3 0 4 7 5 6 2
16 10 6 1 3 4 0 7 5 6 2
15 11 4 1 3 4 2 7 5 6 0
17 9 8 1 5 3 4 7 0 6 2
16 10 6 1 5 3 4 7 6 0 2
15 11 4 1 5 3 4 7 6 2 0
18 10 8 1 7 0 4 2 5 6 3
17 11 6 1 7 4 0 2 5 6 3
16 12 4 1 7 4 3 2 5 6 0
17 11 6 1 7 6 4 2 5 0 3
16 12 4 1 7 6 4 2 5 3 0
18 6 12 0 7 3 2 1 5 6 4
18 8 10 1 0 3 2 7 5 6 4
17 9 8 1 3 0 2 7 5 6 4
16 10 6 1 3 2 0 7 5 6 4
15 11 4 1 3 2 4 7 5 6 0
17 9 8 1 5 3 2 7 0 6 4
16 10 6 1 5 3 2 7 6 0 4
15 11 4 1 5 3 2 7 6 4 0
18 10 8 1 5 0 3 4 6 2 7
17 11 6 1 5 3 0 4 6 2 7
17 11 6 1 5 2 3 4 6 0 7
16 12 4 1 5 2 3 4 6 7 0
18 4 14 7 3 6 1 4 0 5 2
18 8 10 5 3 1 7 4 0 6 2
18 10 8 2 3 1 7 0 5 6 4
18 6 12 7 3 0 2 4 5 1 6
17 7 10 7 3 2 0 4 5 1 6
16 8 8 7 3 2 6 4 5 1 0
18 6 12 7 3 1 2 4 0 5 6
18 8 10 0 1 3 4 5 7 6 2
15 11 4 2 1 3 4 5 7 6 0
18 10 8 1 7 0 3 5 6 2 4
17 11 6 1 7 2 3 5 6 0 4
16 12 4 1 7 2 3 5 6 4 0
18 8 10 0 1 3 2 5 7 6 4
16 10 6 2 1 3 0 5 7 6 4
18 10 8 1 7 0 3 5 6 4 2
18 8 10 1 0 5 3 4 6 7 2
18 10 8 2 3 0 7 4 5 1 6
18 10 8 2 3 1 7 4 0 5 6
18 10 8 2 3 0 1 4 5 6 7
18 12 6 2 3 1 6 4 5 0 7
17 13 4 2 3 1 6 4 5 7 0
18 4 14 4 7 0 1 5 6 3 2
17 5 12 4 7 1 0 5 6 3 2
16 6 10 4 7 1 2 5 6 3 0
18 4 14 7 5 0 1 4 6 3 2
17 5 12 7 5 1 0 4 6 3 2
16 6 10 7 5 1 2 4 6 3 0
18 6 12 7 5 3 1 0 6 2 4
17 9 8 7 5 3 0 1 6 2 4
16 10 6 7 5 3 4 1 6 2 0
18 8 10 7 3 1 0 4 5 2 6
18 10 8 1 7 0 3 2 4 5 6
17 11 6 1 7 5 3 2 4 0 6
16 12 4 1 7 5 3 2 4 6 0
18 12 6 1 7 3 5 2 4 0 6
17 13 4 1 7 3 5 2 4 6 0
18 10 8 1 0 5 2 4 3 7 6
18 12 6 1 5 7 6 3 4 0 2
17 13 4 1 5 7 6 3 4 2 0
18 12 6 1 5 7 6 2 4 0 3
17 13 4 1 5 7 6 2 4 3 0
18 10 8 4 3 0 7 2 5 1 6
18 10 8 4 3 1 7 2 0 5 6
18 10 8 4 3 0 1 2 5 6 7
18 12 6 4 3 1 6 2 5 0 7
17 13 4 4 3 1 6 2 5 7 0
18 12 6 1 3 4 6 5 7 0 2
17 13 4 1 3 4 6 5 7 2 0
18 12 6 1 3 2 6 5 7 0 4
17 13 4 1 3 2 6 5 7 4 0
18 14 4 1 3 0 5 2 4 7 6
18 16 2 1 3 5 7 2 4 0 6
17 17 0 1 3 5 7 2 4 6 0
