12 0 12 0 3 6 5 1 7 4 2
9 3 6 2 3 6 5 1 7 4 0
10 2 8 5 3 6 0 1 7 4 2
9 3 6 5 3 6 2 1 7 4 0
11 1 10 1 3 6 5 0 7 4 2
7 3 4 1 3 6 5 2 7 4 0
10 4 6 1 3 6 0 5 7 4 2
9 5 4 1 3 6 2 5 7 4 0
10 4 6 1 3 6 5 2 7 0 4
10 4 6 1 3 6 0 2 7 4 5
11 5 6 1 3 0 5 2 7 6 4
10 6 4 1 3 5 0 2 7 6 4
9 7 2 1 3 5 4 2 7 6 0
11 5 6 1 3 6 5 2 0 7 4
11 5 6 1 3 0 6 2 7 4 5
10 6 4 1 3 4 6 2 7 0 5
9 7 2 1 3 4 6 2 7 5 0
11 7 4 1 3 4 6 2 0 7 5
12 4 8 2 3 6 5 1 7 0 4
12 4 8 2 3 6 0 1 7 4 5
12 4 8 5 3 6 2 1 7 0 4
12 2 10 1 3 6 5 7 0 4 2
11 3 8 1 3 6 5 7 4 0 2
10 4 6 1 3 6 5 7 4 2 0
12 6 6 1 3 0 5 2 7 4 6
11 7 4 1 3 4 5 2 7 0 6
10 8 2 1 3 4 5 2 7 6 0
11 7 4 1 3 5 0 2 7 4 6
10 8 2 1 3 5 6 2 7 4 0
12 6 6 1 3 6 2 5 7 0 4
12 8 4 1 3 5 4 2 7 0 6
12 6 6 1 0 6 5 2 3 7 4
12 8 4 1 3 4 0 2 7 5 6
12 4 8 1 3 0 5 7 4 6 2
11 5 6 1 3 5 0 7 4 6 2
10 6 4 1 3 5 2 7 4 6 0
12 8 4 1 3 4 5 2 0 7 6
13 1 12 3 0 6 5 1 7 4 2
13 3 10 5 3 0 6 1 7 4 2
12 4 8 5 3 4 6 1 7 0 2
11 5 6 5 3 4 6 1 7 2 0
13 5 8 5 3 6 4 1 7 0 2
12 6 6 5 3 6 4 1 7 2 0
13 5 8 1 3 0 6 5 7 4 2
12 6 6 1 3 4 6 5 7 0 2
11 7 4 1 3 4 6 5 7 2 0
13 7 6 1 3 6 4 5 7 0 2
12 8 4 1 3 6 4 5 7 2 0
13 7 6 1 3 6 4 2 7 0 5
12 8 4 1 3 6 4 2 7 5 0
13 9 4 1 3 5 6 2 7 0 4
13 5 8 2 3 0 5 1 7 6 4
12 6 6 2 3 5 0 1 7 6 4
11 7 4 2 3 5 4 1 7 6 0
13 5 8 2 3 6 5 1 0 7 4
13 5 8 2 3 0 6 1 7 4 5
12 6 6 2 3 4 6 1 7 0 5
11 7 4 2 3 4 6 1 7 5 0
13 5 8 5 3 6 2 1 0 7 4
13 3 10 1 0 6 5 7 3 4 2
13 5 8 1 3 6 0 7 4 2 5
13 9 4 1 3 4 0 2 7 6 5
13 7 6 1 3 6 2 5 0 7 4
13 9 4 1 3 5 4 2 0 7 6
13 7 6 1 6 0 5 2 3 7 4
12 8 4 1 6 5 0 2 3 7 4
11 9 2 1 6 5 4 2 3 7 0
13 7 6 1 3 5 2 7 4 0 6
13 5 8 5 3 4 6 1 0 7 2
13 7 6 1 3 4 6 5 0 7 2
13 7 6 2 3 4 6 1 0 7 5
14 6 8 2 3 0 5 1 7 4 6
13 7 6 2 3 4 5 1 7 0 6
12 8 4 2 3 4 5 1 7 6 0
13 7 6 2 3 5 0 1 7 4 6
12 8 4 2 3 5 6 1 7 4 0
14 4 10 1 0 6 5 3 7 4 2
14 6 8 1 0 3 5 2 7 6 4
14 6 8 1 3 6 5 0 2 7 4
12 8 4 1 3 6 5 4 2 7 0
13 9 4 1 3 6 0 5 2 7 4
12 10 2 1 3 6 4 5 2 7 0
14 6 8 1 0 3 6 2 7 4 5
14 8 6 1 3 4 6 0 2 7 5
12 10 2 1 3 4 6 5 2 7 0
14 8 6 1 0 4 6 2 3 7 5
14 6 8 1 3 6 5 0 4 2 7
14 8 6 1 3 5 6 7 4 0 2
13 9 4 1 3 5 6 7 4 2 0
14 8 6 1 3 5 7 0 4 6 2
10 10 0 1 3 5 7 2 4 6 0
