5 0 5 2 7 3 5 4 6 1 0
7 1 6 2 7 3 5 4 6 0 1
7 1 6 2 7 3 0 4 6 1 5
8 2 6 2 7 3 5 0 6 1 4
9 3 6 0 7 3 5 4 6 1 2
9 2 7 2 7 0 5 4 6 3 1
9 2 7 2 7 3 5 4 0 6 1
9 2 7 2 7 0 3 4 6 1 5
9 3 6 0 7 3 2 4 6 1 5
9 4 5 2 7 3 4 0 6 1 5
9 3 6 0 7 3 5 2 6 1 4
9 3 6 2 7 3 5 0 4 6 1
9 6 3 2 7 3 4 5 6 1 0
9 4 5 0 7 3 5 2 4 6 1
10 3 7 2 7 0 5 4 6 1 3
10 4 6 2 7 3 1 4 6 0 5
10 3 7 2 7 3 5 6 0 1 4
10 5 5 2 7 3 0 5 6 1 4
10 4 6 4 7 3 5 0 6 1 2
10 4 6 7 0 3 5 4 6 1 2
10 3 7 2 7 5 0 4 6 3 1
10 3 7 2 0 7 5 4 6 3 1
10 3 7 2 0 3 5 4 7 6 1
10 3 7 2 7 1 3 4 6 0 5
10 3 7 2 0 7 3 4 6 1 5
10 4 6 4 7 3 2 0 6 1 5
10 4 6 7 0 3 2 4 6 1 5
10 5 5 0 7 3 4 2 6 1 5
10 4 6 7 0 3 5 2 6 1 4
10 5 5 2 7 3 5 1 4 6 0
10 5 5 7 0 3 5 2 4 6 1
10 7 3 1 7 3 5 2 4 6 0
10 5 5 2 7 3 1 4 6 5 0
10 4 6 2 7 5 1 4 6 3 0
10 4 6 0 2 7 5 4 6 3 1
10 4 6 0 2 3 5 4 7 6 1
10 4 6 2 3 0 5 4 7 6 1
10 4 6 2 7 1 3 4 6 5 0
10 4 6 0 2 7 3 4 6 1 5
10 6 4 4 7 3 2 5 6 1 0
10 6 4 7 3 0 5 2 4 6 1
10 5 5 2 3 5 0 4 7 6 1
10 7 3 7 3 5 0 2 4 6 1
10 6 4 2 3 5 1 4 7 6 0
10 8 2 7 3 5 1 2 4 6 0
11 5 6 2 0 3 5 7 6 1 4
11 5 6 5 7 3 0 4 6 1 2
11 6 5 5 7 3 2 4 6 1 0
11 5 6 2 7 3 4 6 0 1 5
11 5 6 5 7 3 0 2 6 1 4
10 6 4 5 7 3 4 2 6 1 0
11 6 5 4 7 3 5 2 6 1 0
11 7 4 2 7 3 4 5 6 0 1
11 6 5 5 7 3 0 2 4 6 1
11 4 7 2 7 1 5 4 6 0 3
11 4 7 2 7 5 0 4 6 1 3
11 4 7 2 0 7 5 4 6 1 3
11 4 7 2 7 3 5 6 1 0 4
11 4 7 2 0 3 5 6 7 1 4
11 4 7 2 7 1 3 4 0 6 5
11 6 5 7 0 3 4 2 6 1 5
11 5 6 7 3 0 5 2 6 1 4
11 5 6 4 2 7 5 0 6 3 1
11 7 4 1 2 7 5 4 6 3 0
11 5 6 4 2 3 5 0 7 6 1
11 7 4 1 2 3 5 4 7 6 0
11 5 6 4 2 7 3 0 6 1 5
11 9 2 0 3 5 7 2 4 6 1
11 6 5 0 2 3 5 7 6 1 4
11 7 4 5 7 3 1 2 4 6 0
11 5 6 2 7 1 5 4 6 3 0
11 5 6 2 7 5 3 4 6 1 0
11 5 6 0 2 7 5 4 6 1 3
11 5 6 2 7 3 5 6 1 4 0
11 5 6 0 2 3 5 6 7 1 4
11 5 6 2 7 1 3 0 4 6 5
11 6 5 7 3 5 0 2 6 1 4
11 7 4 4 2 7 3 5 6 1 0
11 6 5 0 7 1 3 2 4 6 5
11 7 4 7 3 5 4 2 6 1 0
12 7 5 2 0 3 4 7 6 1 5
12 6 6 2 7 3 0 5 4 6 1
12 6 6 2 0 3 5 7 4 6 1
12 5 7 2 7 0 1 4 6 3 5
12 5 7 2 7 3 1 4 0 6 5
12 6 6 2 7 0 3 5 6 1 4
12 7 5 0 7 3 2 5 6 1 4
12 5 7 4 7 3 5 6 0 1 2
12 7 5 4 7 3 0 5 6 1 2
12 5 7 7 3 0 5 4 6 1 2
12 5 7 7 6 3 5 4 0 1 2
12 5 7 0 7 5 2 4 6 3 1
12 6 6 2 7 5 4 0 6 3 1
12 4 8 2 6 7 5 4 0 3 1
12 4 8 2 6 7 3 4 0 1 5
12 5 7 4 7 3 2 6 0 1 5
12 5 7 7 3 0 2 4 6 1 5
12 5 7 7 6 3 2 4 0 1 5
12 5 7 7 6 3 5 2 0 1 4
12 6 6 2 7 3 0 1 4 6 5
12 6 6 7 4 3 5 2 0 6 1
12 8 4 1 7 3 0 2 4 6 5
12 6 6 2 7 3 0 4 6 5 1
12 5 7 2 7 5 1 4 6 0 3
12 6 6 5 2 7 0 4 6 3 1
12 6 6 5 2 3 0 4 7 6 1
12 5 7 2 3 6 5 4 7 0 1
12 5 7 2 7 1 0 4 6 5 3
12 6 6 3 2 7 0 4 6 1 5
12 7 5 5 2 7 3 4 6 1 0
12 7 5 4 7 3 2 5 6 0 1
12 7 5 7 3 6 5 2 4 0 1
12 7 5 0 3 5 2 4 7 6 1
12 6 6 2 7 3 4 6 1 0 5
12 6 6 2 0 3 4 6 7 1 5
12 7 5 5 7 3 4 2 6 0 1
12 7 5 5 7 0 3 2 4 6 1
12 5 7 2 7 1 5 4 0 6 3
12 5 7 2 3 0 5 6 7 1 4
12 5 7 2 0 1 3 4 7 6 5
12 6 6 7 3 1 5 2 6 0 4
12 7 5 4 2 7 5 1 6 3 0
12 6 6 4 2 3 5 7 0 6 1
12 7 5 4 2 3 5 1 7 6 0
12 12 0 1 3 5 7 2 4 6 0
