10 0 10 2 7 3 5 4 6 1 0
13 1 12 2 7 3 5 4 6 0 1
13 1 12 2 7 3 0 4 6 1 5
14 2 12 2 7 3 5 0 6 1 4
13 5 8 2 7 3 0 5 6 1 4
12 6 6 2 7 3 4 5 6 1 0
14 2 12 2 7 3 5 4 0 6 1
15 3 12 0 7 3 5 2 6 1 4
13 5 8 5 7 3 0 2 6 1 4
12 6 6 5 7 3 4 2 6 1 0
15 3 12 2 7 3 5 6 0 1 4
14 4 10 2 7 3 5 6 1 0 4
13 5 8 2 7 3 5 6 1 4 0
15 7 8 2 7 3 4 5 6 0 1
15 3 12 2 7 3 5 0 4 6 1
11 5 6 2 7 3 5 1 4 6 0
14 6 8 2 7 3 0 1 4 6 5
14 6 8 2 7 3 5 1 4 0 6
15 3 12 2 0 3 5 4 7 6 1
14 4 10 2 3 0 5 4 7 6 1
13 5 8 2 3 5 0 4 7 6 1
12 6 6 2 3 5 1 4 7 6 0
15 7 8 5 7 3 4 2 6 0 1
15 5 10 2 3 6 5 4 7 0 1
14 6 8 2 3 6 5 4 7 1 0
15 7 8 2 3 5 1 4 7 0 6
16 2 14 2 7 0 5 4 6 3 1
15 3 12 2 7 5 0 4 6 3 1
14 4 10 2 7 5 1 4 6 3 0
16 2 14 2 7 0 3 4 6 1 5
15 3 12 2 7 1 3 4 6 0 5
14 4 10 2 7 1 3 4 6 5 0
16 4 12 2 7 3 1 4 6 0 5
15 5 10 2 7 3 1 4 6 5 0
16 4 12 2 7 3 4 0 6 1 5
16 6 10 2 7 0 3 5 6 1 4
15 7 8 2 7 1 3 5 6 0 4
14 8 6 2 7 1 3 5 6 4 0
16 8 8 2 7 3 1 5 6 0 4
15 9 6 2 7 3 1 5 6 4 0
16 4 12 7 0 3 5 2 6 1 4
16 6 10 4 7 3 5 2 6 1 0
16 6 10 5 7 0 3 2 6 1 4
15 7 8 5 7 1 3 2 6 0 4
14 8 6 5 7 1 3 2 6 4 0
16 8 8 5 7 3 1 2 6 0 4
15 9 6 5 7 3 1 2 6 4 0
16 4 12 2 0 3 5 6 7 1 4
16 6 10 2 7 3 0 6 1 4 5
16 4 12 0 7 3 5 2 4 6 1
11 7 4 1 7 3 5 2 4 6 0
14 8 6 1 7 3 0 2 4 6 5
14 8 6 1 7 3 5 2 4 0 6
16 6 10 2 7 3 0 5 4 6 1
15 7 8 2 7 3 1 5 4 6 0
16 4 12 0 2 3 5 4 7 6 1
11 7 4 1 2 3 5 4 7 6 0
14 8 6 1 2 3 0 4 7 6 5
14 8 6 1 2 3 5 4 7 0 6
15 9 6 1 2 3 5 4 0 7 6
16 8 8 2 3 5 6 4 7 0 1
15 9 6 2 3 5 6 4 7 1 0
16 6 10 2 3 6 5 4 0 7 1
16 8 8 2 3 5 1 4 0 7 6
16 4 12 2 7 1 3 4 0 6 5
16 6 10 5 7 3 0 2 4 6 1
15 7 8 5 7 3 1 2 4 6 0
16 6 10 5 2 3 0 4 7 6 1
15 7 8 5 2 3 1 4 7 6 0
16 10 6 1 2 3 5 0 4 7 6
16 12 4 1 2 3 5 6 4 7 0
17 3 14 2 7 0 5 4 6 1 3
16 4 12 2 7 1 5 4 6 0 3
15 5 10 2 7 1 5 4 6 3 0
16 4 12 2 7 5 0 4 6 1 3
15 5 10 2 7 5 3 4 6 1 0
17 5 12 2 0 3 5 7 6 1 4
17 5 12 2 7 0 5 6 1 3 4
16 6 10 2 7 5 0 6 1 3 4
15 7 8 2 7 5 4 6 1 3 0
17 7 10 2 7 0 3 1 4 6 5
17 9 8 2 7 3 6 1 4 0 5
16 10 6 2 7 3 6 1 4 5 0
17 7 10 2 7 0 5 1 4 3 6
16 8 8 2 7 5 0 1 4 3 6
15 9 6 2 7 5 6 1 4 3 0
17 7 10 2 7 3 5 1 0 4 6
17 7 10 2 3 6 0 4 7 1 5
17 3 14 2 0 7 5 4 6 3 1
17 5 12 2 7 5 1 4 6 0 3
17 3 14 2 0 7 3 4 6 1 5
17 5 12 2 7 1 0 4 6 5 3
17 5 12 2 7 3 1 4 0 6 5
17 5 12 0 7 3 4 2 6 1 5
17 5 12 2 7 3 4 6 0 1 5
16 6 10 2 7 3 4 6 1 0 5
15 7 8 2 7 3 4 6 1 5 0
17 7 10 2 0 7 3 5 6 1 4
17 9 8 2 7 1 0 5 6 4 3
17 5 12 7 3 0 5 2 6 1 4
16 6 10 7 3 1 5 2 6 0 4
15 7 8 7 3 1 5 2 6 4 0
16 6 10 7 3 5 0 2 6 1 4
15 7 8 7 3 5 4 2 6 1 0
17 5 12 7 6 3 5 2 0 1 4
16 6 10 7 6 3 5 2 1 0 4
15 7 8 7 6 3 5 2 1 4 0
17 7 10 5 0 7 3 2 6 1 4
17 9 8 5 7 1 0 2 6 4 3
17 5 12 0 2 3 5 6 7 1 4
15 7 8 5 2 3 0 6 7 1 4
14 8 6 5 2 3 4 6 7 1 0
17 5 12 2 3 0 5 6 7 1 4
16 6 10 2 3 1 5 6 7 0 4
15 7 8 2 3 1 5 6 7 4 0
16 6 10 2 3 5 0 6 7 1 4
15 7 8 2 3 5 4 6 7 1 0
17 5 12 7 0 3 5 2 4 6 1
16 6 10 7 3 0 5 2 4 6 1
15 7 8 7 3 5 0 2 4 6 1
14 8 6 7 3 5 1 2 4 6 0
17 9 8 1 7 0 3 2 4 6 5
17 11 6 1 7 3 6 2 4 0 5
16 12 4 1 7 3 6 2 4 5 0
17 9 8 1 7 0 5 2 4 3 6
16 10 6 1 7 5 0 2 4 3 6
15 11 4 1 7 5 6 2 4 3 0
17 9 8 1 7 3 5 2 0 4 6
17 5 12 4 2 3 5 0 7 6 1
13 7 6 4 2 3 5 1 7 6 0
16 8 8 4 2 3 0 1 7 6 5
16 8 8 4 2 3 5 1 7 0 6
17 9 8 1 2 3 5 0 7 6 4
16 12 4 1 2 3 0 5 7 6 4
15 13 2 1 2 3 4 5 7 6 0
17 9 8 1 2 0 3 4 7 6 5
17 11 6 1 2 3 6 4 7 0 5
16 12 4 1 2 3 6 4 7 5 0
17 9 8 1 2 0 5 4 7 3 6
16 10 6 1 2 5 0 4 7 3 6
15 11 4 1 2 5 6 4 7 3 0
17 9 8 2 3 5 6 4 0 7 1
17 7 10 2 3 6 5 0 4 7 1
13 9 4 2 3 6 5 1 4 7 0
16 10 6 2 3 6 0 1 4 7 5
16 10 6 2 3 6 5 1 4 0 7
17 9 8 2 3 5 1 0 4 7 6
16 12 4 2 3 5 0 1 4 7 6
15 13 2 2 3 5 6 1 4 7 0
17 5 12 2 7 1 3 0 4 6 5
15 7 8 2 7 1 3 5 4 6 0
16 8 8 2 7 1 0 3 4 6 5
15 9 6 2 7 1 5 3 4 6 0
17 5 12 2 0 1 3 4 7 6 5
16 6 10 2 1 0 3 4 7 6 5
15 7 8 2 1 3 0 4 7 6 5
14 8 6 2 1 3 5 4 7 6 0
17 13 4 1 2 3 0 5 4 7 6
16 14 2 1 2 3 6 5 4 7 0
17 5 12 2 7 1 5 4 0 6 3
17 7 10 7 3 1 5 2 0 6 4
17 9 8 5 2 3 4 6 7 0 1
17 7 10 2 3 1 5 6 0 7 4
17 7 10 7 3 6 5 2 4 0 1
16 8 8 7 3 6 5 2 4 1 0
17 9 8 0 3 5 7 2 4 6 1
12 12 0 1 3 5 7 2 4 6 0
