8 0 8 3 5 6 1 7 2 4 0
11 1 10 3 5 6 0 7 2 4 1
11 1 10 3 5 6 1 7 2 0 4
12 2 10 3 5 6 1 0 2 4 7
11 3 8 3 5 6 1 2 0 4 7
11 5 6 3 5 6 0 1 2 4 7
10 6 4 3 5 6 7 1 2 4 0
12 4 8 3 5 6 1 2 4 0 7
11 5 6 3 5 6 1 2 4 7 0
13 3 10 0 5 6 1 3 2 4 7
9 5 4 1 5 6 0 3 2 4 7
8 6 2 1 5 6 7 3 2 4 0
11 7 4 1 5 6 7 3 2 0 4
12 6 6 1 5 0 6 3 2 4 7
11 7 4 1 5 4 6 3 2 0 7
10 8 2 1 5 4 6 3 2 7 0
12 8 4 1 5 6 4 3 2 0 7
11 9 2 1 5 6 4 3 2 7 0
13 7 6 3 5 6 7 1 2 0 4
13 5 8 3 5 0 1 2 4 6 7
12 6 6 3 5 1 0 2 4 6 7
11 7 4 3 5 1 7 2 4 6 0
13 7 6 1 0 5 6 3 2 4 7
12 8 4 1 2 5 6 3 0 4 7
11 9 2 1 2 5 6 3 4 0 7
10 10 0 1 2 5 6 3 4 7 0
13 9 4 1 5 4 0 3 2 7 6
13 11 2 1 2 5 0 3 4 7 6
14 2 12 3 5 0 6 7 2 4 1
13 3 10 3 5 4 6 7 2 0 1
12 4 8 3 5 4 6 7 2 1 0
14 4 10 3 5 6 4 7 2 0 1
13 5 8 3 5 6 4 7 2 1 0
14 4 10 3 5 6 7 0 2 4 1
13 5 8 3 5 6 7 2 0 4 1
14 2 12 3 5 6 1 7 0 2 4
14 2 12 3 5 0 1 7 2 6 4
13 3 10 3 5 1 0 7 2 6 4
12 4 8 3 5 1 4 7 2 6 0
14 4 10 3 0 6 1 2 5 4 7
14 6 8 3 5 0 6 1 2 4 7
13 7 6 3 5 4 6 1 2 0 7
12 8 4 3 5 4 6 1 2 7 0
14 8 6 3 5 6 4 1 2 0 7
13 9 4 3 5 6 4 1 2 7 0
14 6 8 3 5 6 0 2 4 7 1
14 4 10 5 0 6 1 3 2 4 7
13 5 8 5 2 6 1 3 0 4 7
14 6 8 2 5 6 1 3 0 4 7
14 6 8 7 5 6 1 3 2 4 0
14 8 6 1 5 6 3 0 2 4 7
13 9 4 1 5 6 3 2 0 4 7
14 8 6 1 5 6 7 0 2 4 3
13 9 4 1 5 6 7 2 0 4 3
14 8 6 1 5 6 7 3 0 2 4
14 8 6 1 5 0 7 3 2 6 4
14 8 6 1 5 4 6 3 0 2 7
14 10 4 1 5 6 0 3 2 7 4
14 6 8 3 0 5 1 2 4 6 7
14 8 6 3 5 1 7 2 4 0 6
14 10 4 1 2 0 6 3 4 5 7
14 6 8 3 5 6 7 2 4 0 1
13 7 6 3 5 6 7 2 4 1 0
14 6 8 5 2 6 1 0 3 4 7
13 9 4 5 2 6 0 1 3 4 7
12 10 2 5 2 6 7 1 3 4 0
14 6 8 5 2 6 1 3 4 0 7
13 7 6 5 2 6 1 3 4 7 0
14 10 4 1 5 6 3 7 2 4 0
14 10 4 1 5 6 3 2 4 0 7
13 11 2 1 5 6 3 2 4 7 0
14 10 4 1 5 6 7 2 4 0 3
13 11 2 1 5 6 7 2 4 3 0
14 8 6 5 2 6 1 7 3 4 0
15 3 12 0 5 6 1 7 2 4 3
11 5 6 1 5 6 0 7 2 4 3
14 6 8 1 5 0 6 7 2 4 3
14 8 6 1 5 6 4 7 2 0 3
13 9 4 1 5 6 4 7 2 3 0
15 3 12 3 5 0 1 7 2 4 6
14 4 10 3 5 1 0 7 2 4 6
13 5 8 3 5 1 6 7 2 4 0
14 4 10 3 5 4 1 7 2 0 6
13 5 8 3 5 4 1 7 2 6 0
15 3 12 0 5 6 3 7 2 4 1
15 5 10 3 0 6 1 5 2 4 7
14 6 8 3 2 6 1 5 0 4 7
15 7 8 0 5 6 3 1 2 4 7
15 9 6 1 5 0 7 3 2 4 6
14 10 4 1 5 4 7 3 2 0 6
13 11 2 1 5 4 7 3 2 6 0
15 9 6 1 5 6 4 3 0 2 7
15 9 6 1 5 0 4 3 2 6 7
14 10 4 1 5 4 0 3 2 6 7
15 9 6 3 5 1 6 2 4 0 7
14 10 4 3 5 1 6 2 4 7 0
15 9 6 1 2 5 6 0 3 4 7
15 3 12 3 0 5 6 7 2 4 1
14 4 10 3 2 5 6 7 0 4 1
13 5 8 3 2 5 6 7 4 0 1
12 6 6 3 2 5 6 7 4 1 0
15 5 10 3 5 4 0 7 2 1 6
15 5 10 0 5 6 7 3 2 4 1
15 3 12 3 5 6 1 0 7 2 4
14 6 8 3 5 6 0 1 7 2 4
13 7 6 3 5 6 4 1 7 2 0
15 3 12 3 0 5 1 7 2 6 4
14 4 10 3 2 5 1 7 0 6 4
15 5 10 3 5 1 4 7 2 0 6
15 5 10 0 3 6 1 2 5 4 7
11 7 4 1 3 6 0 2 5 4 7
10 8 2 1 3 6 7 2 5 4 0
12 8 4 1 3 0 6 2 5 4 7
11 9 2 1 3 4 6 2 5 0 7
10 10 0 1 3 4 6 2 5 7 0
13 9 4 1 3 6 7 2 5 0 4
13 11 2 1 3 4 0 2 5 7 6
14 10 4 1 3 6 4 2 5 0 7
13 11 2 1 3 6 4 2 5 7 0
14 10 4 1 3 4 6 2 0 5 7
14 10 4 1 3 0 7 2 5 6 4
15 5 10 3 6 0 1 2 5 4 7
14 6 8 3 6 1 0 2 5 4 7
13 7 6 3 6 1 7 2 5 4 0
14 6 8 3 6 4 1 2 5 0 7
13 7 6 3 6 4 1 2 5 7 0
15 7 8 3 0 5 6 1 2 4 7
14 8 6 3 2 5 6 1 0 4 7
13 9 4 3 2 5 6 1 4 0 7
12 10 2 3 2 5 6 1 4 7 0
15 9 6 3 5 4 0 1 2 7 6
15 7 8 3 5 0 6 2 4 7 1
15 5 10 5 6 0 1 3 2 4 7
14 6 8 5 6 1 0 3 2 4 7
13 7 6 5 6 1 7 3 2 4 0
15 7 8 2 5 6 1 0 3 4 7
14 10 4 2 5 6 0 1 3 4 7
13 11 2 2 5 6 7 1 3 4 0
15 7 8 2 5 6 1 3 4 0 7
14 8 6 2 5 6 1 3 4 7 0
15 9 6 1 5 6 7 0 3 2 4
15 9 6 1 0 5 7 3 2 6 4
14 10 4 1 2 5 7 3 0 6 4
15 9 6 1 5 7 0 3 2 6 4
14 10 4 1 5 7 4 3 2 6 0
15 9 6 1 0 4 6 3 5 2 7
15 7 8 0 3 5 1 2 4 6 7
11 9 2 1 3 5 0 2 4 6 7
10 10 0 1 3 5 7 2 4 6 0
