7 0 7 3 5 6 1 7 2 4 0
9 1 8 3 5 6 0 7 2 4 1
9 1 8 3 5 6 1 7 2 0 4
9 2 7 3 5 0 1 7 2 6 4
9 3 6 3 0 5 1 7 2 6 4
9 4 5 0 3 5 1 7 2 6 4
10 2 8 3 5 6 1 0 2 4 7
10 2 8 3 5 0 6 7 2 4 1
10 2 8 3 5 6 1 7 0 2 4
10 3 7 3 5 1 0 7 2 6 4
10 4 6 3 2 5 1 7 0 6 4
10 5 5 7 3 5 1 0 2 6 4
10 6 4 1 3 5 0 7 2 6 4
10 3 7 3 5 6 1 2 0 4 7
10 3 7 3 0 5 6 7 2 4 1
10 4 6 3 5 1 4 7 2 6 0
10 6 4 7 3 5 1 2 0 6 4
10 7 3 1 3 5 4 7 2 6 0
10 4 6 3 5 6 1 2 4 0 7
10 4 6 0 3 5 6 7 2 4 1
10 5 5 3 5 0 1 2 4 6 7
10 5 5 3 5 6 1 2 4 7 0
10 6 4 3 0 5 1 2 4 6 7
10 7 3 0 3 5 1 2 4 6 7
11 3 8 0 5 6 1 7 2 4 3
11 3 8 3 5 0 1 7 2 4 6
11 3 8 0 5 6 3 7 2 4 1
11 4 7 3 5 6 4 7 2 0 1
11 4 7 3 5 6 7 0 2 4 1
11 7 4 4 3 5 1 7 2 6 0
11 3 8 0 5 6 1 3 2 4 7
11 3 8 3 5 4 6 7 2 0 1
11 3 8 3 0 6 1 7 5 2 4
11 3 8 3 5 6 1 0 7 2 4
11 5 6 3 2 5 1 7 6 0 4
11 5 6 3 2 5 1 0 7 6 4
11 7 4 7 3 5 1 4 2 6 0
11 4 7 3 0 6 1 2 5 4 7
11 4 7 3 2 5 6 7 0 4 1
11 5 6 7 3 5 6 0 2 4 1
11 7 4 1 3 5 6 7 2 4 0
11 6 5 3 5 1 0 2 4 6 7
10 7 3 3 5 1 7 2 4 6 0
11 9 2 1 3 5 0 2 4 6 7
10 10 0 1 3 5 7 2 4 6 0
