0 10 0 8 7 1 5 2 6 4 9 11 3 10
1 9 1 8 7 0 5 2 6 4 9 11 3 10
4 8 1 8 7 4 5 2 6 0 9 11 3 10
6 8 1 8 7 4 5 2 0 6 9 11 3 10
7 7 1 8 0 4 5 2 7 6 9 11 3 10
8 7 1 0 8 4 5 2 7 6 9 11 3 10
2 6 1 2 8 4 5 0 7 6 9 11 3 10
7 7 1 2 8 4 5 7 0 6 9 11 3 10
6 7 1 2 8 4 5 7 6 0 9 11 3 10
10 6 1 2 8 4 5 7 6 10 9 11 3 0
3 7 1 2 8 4 5 7 6 10 9 11 0 3
11 6 1 2 8 4 5 7 6 10 9 0 11 3
7 6 1 2 8 4 5 0 6 10 9 7 11 3
6 5 1 2 8 4 5 6 0 10 9 7 11 3
8 5 1 2 0 4 5 6 8 10 9 7 11 3
4 6 1 2 4 0 5 6 8 10 9 7 11 3
10 6 1 2 4 10 5 6 8 0 9 7 11 3
8 5 1 2 4 10 5 6 0 8 9 7 11 3
4 5 1 2 0 10 5 6 4 8 9 7 11 3
10 5 1 2 10 0 5 6 4 8 9 7 11 3
3 4 1 2 10 3 5 6 4 8 9 7 11 0
4 5 1 2 10 3 5 6 0 8 9 7 11 4
10 5 1 2 0 3 5 6 10 8 9 7 11 4
3 4 1 2 3 0 5 6 10 8 9 7 11 4
4 2 1 2 3 4 5 6 10 8 9 7 11 0
11 4 1 2 3 4 5 6 10 8 9 7 0 11
7 4 1 2 3 4 5 6 10 8 9 0 7 11
6 5 1 2 3 4 5 0 10 8 9 6 7 11
10 5 1 2 3 4 5 10 0 8 9 6 7 11
7 4 1 2 3 4 5 10 7 8 9 6 0 11
11 2 1 2 3 4 5 10 7 8 9 6 11 0
9 4 1 2 3 4 5 10 7 8 0 6 11 9
10 4 1 2 3 4 5 0 7 8 10 6 11 9
6 3 1 2 3 4 5 6 7 8 10 0 11 9
10 2 1 2 3 4 5 6 7 8 0 10 11 9
9 0 1 2 3 4 5 6 7 8 9 10 11 0
188 0.43413305282592773
