0 14 8 5 1 9 4 7 2 13 15 14 11 0 12 3 10 6
6 13 8 5 1 9 4 7 2 13 15 14 11 6 12 3 10 0
9 14 8 5 1 0 4 7 2 13 15 14 11 6 12 3 10 9
13 13 8 5 1 13 4 7 2 0 15 14 11 6 12 3 10 9
6 13 8 5 1 13 4 7 2 6 15 14 11 0 12 3 10 9
9 12 8 5 1 13 4 7 2 6 15 14 11 9 12 3 10 0
12 13 8 5 1 13 4 7 2 6 15 14 11 9 0 3 10 12
14 13 8 5 1 13 4 7 2 6 15 0 11 9 14 3 10 12
7 12 8 5 1 13 4 0 2 6 15 7 11 9 14 3 10 12
2 12 8 5 1 13 4 2 0 6 15 7 11 9 14 3 10 12
6 12 8 5 1 13 4 2 6 0 15 7 11 9 14 3 10 12
9 12 8 5 1 13 4 2 6 9 15 7 11 0 14 3 10 12
12 11 8 5 1 13 4 2 6 9 15 7 11 12 14 3 10 0
8 12 0 5 1 13 4 2 6 9 15 7 11 12 14 3 10 8
4 12 4 5 1 13 0 2 6 9 15 7 11 12 14 3 10 8
2 11 4 5 1 13 2 0 6 9 15 7 11 12 14 3 10 8
6 10 4 5 1 13 2 6 0 9 15 7 11 12 14 3 10 8
9 10 4 5 1 13 2 6 9 0 15 7 11 12 14 3 10 8
12 10 4 5 1 13 2 6 9 12 15 7 11 0 14 3 10 8
8 9 4 5 1 13 2 6 9 12 15 7 11 8 14 3 10 0
14 10 4 5 1 13 2 6 9 12 15 7 11 8 0 3 10 14
4 9 0 5 1 13 2 6 9 12 15 7 11 8 4 3 10 14
5 10 5 0 1 13 2 6 9 12 15 7 11 8 4 3 10 14
1 10 5 1 0 13 2 6 9 12 15 7 11 8 4 3 10 14
9 9 5 1 9 13 2 6 0 12 15 7 11 8 4 3 10 14
12 9 5 1 9 13 2 6 12 0 15 7 11 8 4 3 10 14
8 9 5 1 9 13 2 6 12 8 15 7 11 0 4 3 10 14
14 8 5 1 9 13 2 6 12 8 15 7 11 14 4 3 10 0
5 9 0 1 9 13 2 6 12 8 15 7 11 14 4 3 10 5
1 8 1 0 9 13 2 6 12 8 15 7 11 14 4 3 10 5
6 9 1 6 9 13 2 0 12 8 15 7 11 14 4 3 10 5
12 9 1 6 9 13 2 12 0 8 15 7 11 14 4 3 10 5
8 9 1 6 9 13 2 12 8 0 15 7 11 14 4 3 10 5
14 8 1 6 9 13 2 12 8 14 15 7 11 0 4 3 10 5
5 7 1 6 9 13 2 12 8 14 15 7 11 5 4 3 10 0
1 9 0 6 9 13 2 12 8 14 15 7 11 5 4 3 10 1
12 9 12 6 9 13 2 0 8 14 15 7 11 5 4 3 10 1
6 8 12 0 9 13 2 6 8 14 15 7 11 5 4 3 10 1
12 8 0 12 9 13 2 6 8 14 15 7 11 5 4 3 10 1
1 6 1 12 9 13 2 6 8 14 15 7 11 5 4 3 10 0
4 8 1 12 9 13 2 6 8 14 15 7 11 5 0 3 10 4
3 8 1 12 9 13 2 6 8 14 15 7 11 5 3 0 10 4
7 9 1 12 9 13 2 6 8 14 15 0 11 5 3 7 10 4
15 9 1 12 9 13 2 6 8 14 0 15 11 5 3 7 10 4
3 8 1 12 9 13 2 6 8 14 3 15 11 5 0 7 10 4
4 6 1 12 9 13 2 6 8 14 3 15 11 5 4 7 10 0
11 8 1 12 9 13 2 6 8 14 3 15 0 5 4 7 10 11
15 8 1 12 9 13 2 6 8 14 3 0 15 5 4 7 10 11
7 7 1 12 9 13 2 6 8 14 3 7 15 5 4 0 10 11
10 7 1 12 9 13 2 6 8 14 3 7 15 5 4 10 0 11
11 6 1 12 9 13 2 6 8 14 3 7 15 5 4 10 11 0
5 7 1 12 9 13 2 6 8 14 3 7 15 0 4 10 11 5
15 6 1 12 9 13 2 6 8 14 3 7 0 15 4 10 11 5
11 5 1 12 9 13 2 6 8 14 3 7 11 15 4 10 0 5
10 5 1 12 9 13 2 6 8 14 3 7 11 15 4 0 10 5
7 6 1 12 9 13 2 6 8 14 3 0 11 15 4 7 10 5
11 7 1 12 9 13 2 6 8 14 3 11 0 15 4 7 10 5
10 7 1 12 9 13 2 6 8 14 3 11 10 15 4 7 0 5
5 6 1 12 9 13 2 6 8 14 3 11 10 15 4 7 5 0
10 7 1 12 9 13 2 6 8 14 3 11 0 15 4 7 5 10
11 6 1 12 9 13 2 6 8 14 3 0 11 15 4 7 5 10
7 5 1 12 9 13 2 6 8 14 3 7 11 15 4 0 5 10
5 5 1 12 9 13 2 6 8 14 3 7 11 15 4 5 0 10
10 4 1 12 9 13 2 6 8 14 3 7 11 15 4 5 10 0
11 6 1 12 9 13 2 6 8 14 3 7 0 15 4 5 10 11
10 6 1 12 9 13 2 6 8 14 3 7 10 15 4 5 0 11
11 5 1 12 9 13 2 6 8 14 3 7 10 15 4 5 11 0
13 7 1 12 9 0 2 6 8 14 3 7 10 15 4 5 11 13
8 7 1 12 9 8 2 6 0 14 3 7 10 15 4 5 11 13
10 6 1 12 9 8 2 6 10 14 3 7 0 15 4 5 11 13
11 5 1 12 9 8 2 6 10 14 3 7 11 15 4 5 0 13
5 5 1 12 9 8 2 6 10 14 3 7 11 15 4 0 5 13
4 6 1 12 9 8 2 6 10 14 3 7 11 15 0 4 5 13
8 6 1 12 9 0 2 6 10 14 3 7 11 15 8 4 5 13
13 4 1 12 9 13 2 6 10 14 3 7 11 15 8 4 5 0
8 5 1 12 9 13 2 6 10 14 3 7 11 15 0 4 5 8
4 4 1 12 9 13 2 6 10 14 3 7 11 15 4 0 5 8
5 4 1 12 9 13 2 6 10 14 3 7 11 15 4 5 0 8
8 3 1 12 9 13 2 6 10 14 3 7 11 15 4 5 8 0
1 5 0 12 9 13 2 6 10 14 3 7 11 15 4 5 8 1
4 6 4 12 9 13 2 6 10 14 3 7 11 15 0 5 8 1
5 6 4 12 9 13 2 6 10 14 3 7 11 15 5 0 8 1
8 5 4 12 9 13 2 6 10 14 3 7 11 15 5 8 0 1
1 4 4 12 9 13 2 6 10 14 3 7 11 15 5 8 1 0
5 5 4 12 9 13 2 6 10 14 3 7 11 15 0 8 1 5
4 4 0 12 9 13 2 6 10 14 3 7 11 15 4 8 1 5
12 4 12 0 9 13 2 6 10 14 3 7 11 15 4 8 1 5
9 5 12 9 0 13 2 6 10 14 3 7 11 15 4 8 1 5
13 6 12 9 13 0 2 6 10 14 3 7 11 15 4 8 1 5
12 6 0 9 13 12 2 6 10 14 3 7 11 15 4 8 1 5
5 5 5 9 13 12 2 6 10 14 3 7 11 15 4 8 1 0
12 6 5 9 13 0 2 6 10 14 3 7 11 15 4 8 1 12
13 5 5 9 0 13 2 6 10 14 3 7 11 15 4 8 1 12
9 4 5 0 9 13 2 6 10 14 3 7 11 15 4 8 1 12
5 3 0 5 9 13 2 6 10 14 3 7 11 15 4 8 1 12
12 2 12 5 9 13 2 6 10 14 3 7 11 15 4 8 1 0
1 3 12 5 9 13 2 6 10 14 3 7 11 15 4 8 0 1
8 4 12 5 9 13 2 6 10 14 3 7 11 15 4 0 8 1
4 5 12 5 9 13 2 6 10 14 3 7 11 15 0 4 8 1
12 5 0 5 9 13 2 6 10 14 3 7 11 15 12 4 8 1
1 3 1 5 9 13 2 6 10 14 3 7 11 15 12 4 8 0
12 4 1 5 9 13 2 6 10 14 3 7 11 15 0 4 8 12
4 3 1 5 9 13 2 6 10 14 3 7 11 15 4 0 8 12
8 2 1 5 9 13 2 6 10 14 3 7 11 15 4 8 0 12
12 0 1 5 9 13 2 6 10 14 3 7 11 15 4 8 12 0
760 46.1724808216095
