0 19 12 3 1 15 5 0 11 4 7 19 9 13 17 2 6 8 18 14 10 16
11 19 12 3 1 15 5 11 0 4 7 19 9 13 17 2 6 8 18 14 10 16
1 19 12 3 0 15 5 11 1 4 7 19 9 13 17 2 6 8 18 14 10 16
3 18 12 0 3 15 5 11 1 4 7 19 9 13 17 2 6 8 18 14 10 16
12 18 0 12 3 15 5 11 1 4 7 19 9 13 17 2 6 8 18 14 10 16
15 18 15 12 3 0 5 11 1 4 7 19 9 13 17 2 6 8 18 14 10 16
4 17 15 12 3 4 5 11 1 0 7 19 9 13 17 2 6 8 18 14 10 16
13 17 15 12 3 4 5 11 1 13 7 19 9 0 17 2 6 8 18 14 10 16
8 17 15 12 3 4 5 11 1 13 7 19 9 8 17 2 6 0 18 14 10 16
16 15 15 12 3 4 5 11 1 13 7 19 9 8 17 2 6 16 18 14 10 0
18 16 15 12 3 4 5 11 1 13 7 19 9 8 17 2 6 16 0 14 10 18
17 15 15 12 3 4 5 11 1 13 7 19 9 8 0 2 6 16 17 14 10 18
2 15 15 12 3 4 5 11 1 13 7 19 9 8 2 0 6 16 17 14 10 18
14 14 15 12 3 4 5 11 1 13 7 19 9 8 2 14 6 16 17 0 10 18
10 14 15 12 3 4 5 11 1 13 7 19 9 8 2 14 6 16 17 10 0 18
6 14 15 12 3 4 5 11 1 13 7 19 9 8 2 14 0 16 17 10 6 18
9 14 15 12 3 4 5 11 1 13 7 19 0 8 2 14 9 16 17 10 6 18
1 14 15 12 3 4 5 11 0 13 7 19 1 8 2 14 9 16 17 10 6 18
13 14 15 12 3 4 5 11 13 0 7 19 1 8 2 14 9 16 17 10 6 18
8 13 15 12 3 4 5 11 13 8 7 19 1 0 2 14 9 16 17 10 6 18
1 13 15 12 3 4 5 11 13 8 7 19 0 1 2 14 9 16 17 10 6 18
19 13 15 12 3 4 5 11 13 8 7 0 19 1 2 14 9 16 17 10 6 18
11 13 15 12 3 4 5 0 13 8 7 11 19 1 2 14 9 16 17 10 6 18
12 13 15 0 3 4 5 12 13 8 7 11 19 1 2 14 9 16 17 10 6 18
15 13 0 15 3 4 5 12 13 8 7 11 19 1 2 14 9 16 17 10 6 18
18 12 18 15 3 4 5 12 13 8 7 11 19 1 2 14 9 16 17 10 6 0
9 13 18 15 3 4 5 12 13 8 7 11 19 1 2 14 0 16 17 10 6 9
19 13 18 15 3 4 5 12 13 8 7 11 0 1 2 14 19 16 17 10 6 9
11 12 18 15 3 4 5 12 13 8 7 0 11 1 2 14 19 16 17 10 6 9
12 12 18 15 3 4 5 0 13 8 7 12 11 1 2 14 19 16 17 10 6 9
15 12 18 0 3 4 5 15 13 8 7 12 11 1 2 14 19 16 17 10 6 9
18 12 0 18 3 4 5 15 13 8 7 12 11 1 2 14 19 16 17 10 6 9
9 11 9 18 3 4 5 15 13 8 7 12 11 1 2 14 19 16 17 10 6 0
19 12 9 18 3 4 5 15 13 8 7 12 11 1 2 14 0 16 17 10 6 19
6 12 9 18 3 4 5 15 13 8 7 12 11 1 2 14 6 16 17 10 0 19
19 10 9 18 3 4 5 15 13 8 7 12 11 1 2 14 6 16 17 10 19 0
17 12 9 18 3 4 5 15 13 8 7 12 11 1 2 14 6 16 0 10 19 17
9 12 0 18 3 4 5 15 13 8 7 12 11 1 2 14 6 16 9 10 19 17
15 12 15 18 3 4 5 0 13 8 7 12 11 1 2 14 6 16 9 10 19 17
12 12 15 18 3 4 5 12 13 8 7 0 11 1 2 14 6 16 9 10 19 17
7 12 15 18 3 4 5 12 13 8 0 7 11 1 2 14 6 16 9 10 19 17
2 12 15 18 3 4 5 12 13 8 2 7 11 1 0 14 6 16 9 10 19 17
9 12 15 18 3 4 5 12 13 8 2 7 11 1 9 14 6 16 0 10 19 17
17 10 15 18 3 4 5 12 13 8 2 7 11 1 9 14 6 16 17 10 19 0
15 11 0 18 3 4 5 12 13 8 2 7 11 1 9 14 6 16 17 10 19 15
12 11 12 18 3 4 5 0 13 8 2 7 11 1 9 14 6 16 17 10 19 15
7 11 12 18 3 4 5 7 13 8 2 0 11 1 9 14 6 16 17 10 19 15
2 11 12 18 3 4 5 7 13 8 0 2 11 1 9 14 6 16 17 10 19 15
9 10 12 18 3 4 5 7 13 8 9 2 11 1 0 14 6 16 17 10 19 15
14 11 12 18 3 4 5 7 13 8 9 2 11 1 14 0 6 16 17 10 19 15
2 11 12 18 3 4 5 7 13 8 9 0 11 1 14 2 6 16 17 10 19 15
7 11 12 18 3 4 5 0 13 8 9 7 11 1 14 2 6 16 17 10 19 15
18 11 12 0 3 4 5 18 13 8 9 7 11 1 14 2 6 16 17 10 19 15
12 11 0 12 3 4 5 18 13 8 9 7 11 1 14 2 6 16 17 10 19 15
15 10 15 12 3 4 5 18 13 8 9 7 11 1 14 2 6 16 17 10 19 0
6 11 15 12 3 4 5 18 13 8 9 7 11 1 14 2 0 16 17 10 19 6
2 11 15 12 3 4 5 18 13 8 9 7 11 1 14 0 2 16 17 10 19 6
14 10 15 12 3 4 5 18 13 8 9 7 11 1 0 14 2 16 17 10 19 6
17 11 15 12 3 4 5 18 13 8 9 7 11 1 17 14 2 16 0 10 19 6
15 11 0 12 3 4 5 18 13 8 9 7 11 1 17 14 2 16 15 10 19 6
6 10 6 12 3 4 5 18 13 8 9 7 11 1 17 14 2 16 15 10 19 0
15 11 6 12 3 4 5 18 13 8 9 7 11 1 17 14 2 16 0 10 19 15
17 10 6 12 3 4 5 18 13 8 9 7 11 1 0 14 2 16 17 10 19 15
14 11 6 12 3 4 5 18 13 8 9 7 11 1 14 0 2 16 17 10 19 15
7 11 6 12 3 4 5 18 13 8 9 0 11 1 14 7 2 16 17 10 19 15
18 11 6 12 3 4 5 0 13 8 9 18 11 1 14 7 2 16 17 10 19 15
12 11 6 0 3 4 5 12 13 8 9 18 11 1 14 7 2 16 17 10 19 15
6 11 0 6 3 4 5 12 13 8 9 18 11 1 14 7 2 16 17 10 19 15
12 11 12 6 3 4 5 0 13 8 9 18 11 1 14 7 2 16 17 10 19 15
6 10 12 0 3 4 5 6 13 8 9 18 11 1 14 7 2 16 17 10 19 15
12 10 0 12 3 4 5 6 13 8 9 18 11 1 14 7 2 16 17 10 19 15
15 9 15 12 3 4 5 6 13 8 9 18 11 1 14 7 2 16 17 10 19 0
2 10 15 12 3 4 5 6 13 8 9 18 11 1 14 7 0 16 17 10 19 2
7 10 15 12 3 4 5 6 13 8 9 18 11 1 14 0 7 16 17 10 19 2
10 10 15 12 3 4 5 6 13 8 9 18 11 1 14 10 7 16 17 0 19 2
17 11 15 12 3 4 5 6 13 8 9 18 11 1 14 10 7 16 0 17 19 2
10 11 15 12 3 4 5 6 13 8 9 18 11 1 14 0 7 16 10 17 19 2
14 10 15 12 3 4 5 6 13 8 9 18 11 1 0 14 7 16 10 17 19 2
10 10 15 12 3 4 5 6 13 8 9 18 11 1 10 14 7 16 0 17 19 2
15 10 0 12 3 4 5 6 13 8 9 18 11 1 10 14 7 16 15 17 19 2
2 9 2 12 3 4 5 6 13 8 9 18 11 1 10 14 7 16 15 17 19 0
15 10 2 12 3 4 5 6 13 8 9 18 11 1 10 14 7 16 0 17 19 15
17 9 2 12 3 4 5 6 13 8 9 18 11 1 10 14 7 16 17 0 19 15
19 10 2 12 3 4 5 6 13 8 9 18 11 1 10 14 7 16 17 19 0 15
15 9 2 12 3 4 5 6 13 8 9 18 11 1 10 14 7 16 17 19 15 0
7 10 2 12 3 4 5 6 13 8 9 18 11 1 10 14 0 16 17 19 15 7
15 9 2 12 3 4 5 6 13 8 9 18 11 1 10 14 15 16 17 19 0 7
19 8 2 12 3 4 5 6 13 8 9 18 11 1 10 14 15 16 17 0 19 7
14 9 2 12 3 4 5 6 13 8 9 18 11 1 10 0 15 16 17 14 19 7
18 9 2 12 3 4 5 6 13 8 9 0 11 1 10 18 15 16 17 14 19 7
6 10 2 12 3 4 5 0 13 8 9 6 11 1 10 18 15 16 17 14 19 7
12 10 2 0 3 4 5 12 13 8 9 6 11 1 10 18 15 16 17 14 19 7
2 9 0 2 3 4 5 12 13 8 9 6 11 1 10 18 15 16 17 14 19 7
12 9 12 2 3 4 5 0 13 8 9 6 11 1 10 18 15 16 17 14 19 7
6 8 12 2 3 4 5 6 13 8 9 0 11 1 10 18 15 16 17 14 19 7
9 9 12 2 3 4 5 6 13 8 0 9 11 1 10 18 15 16 17 14 19 7
10 9 12 2 3 4 5 6 13 8 10 9 11 1 0 18 15 16 17 14 19 7
18 9 12 2 3 4 5 6 13 8 10 9 11 1 18 0 15 16 17 14 19 7
14 8 12 2 3 4 5 6 13 8 10 9 11 1 18 14 15 16 17 0 19 7
17 9 12 2 3 4 5 6 13 8 10 9 11 1 18 14 15 16 0 17 19 7
18 9 12 2 3 4 5 6 13 8 10 9 11 1 0 14 15 16 18 17 19 7
10 9 12 2 3 4 5 6 13 8 0 9 11 1 10 14 15 16 18 17 19 7
9 8 12 2 3 4 5 6 13 8 9 0 11 1 10 14 15 16 18 17 19 7
14 9 12 2 3 4 5 6 13 8 9 14 11 1 10 0 15 16 18 17 19 7
17 9 12 2 3 4 5 6 13 8 9 14 11 1 10 17 15 16 18 0 19 7
18 8 12 2 3 4 5 6 13 8 9 14 11 1 10 17 15 16 0 18 19 7
12 8 0 2 3 4 5 6 13 8 9 14 11 1 10 17 15 16 12 18 19 7
7 7 7 2 3 4 5 6 13 8 9 14 11 1 10 17 15 16 12 18 19 0
12 8 7 2 3 4 5 6 13 8 9 14 11 1 10 17 15 16 0 18 19 12
17 7 7 2 3 4 5 6 13 8 9 14 11 1 10 0 15 16 17 18 19 12
14 6 7 2 3 4 5 6 13 8 9 0 11 1 10 14 15 16 17 18 19 12
6 7 7 2 3 4 5 0 13 8 9 6 11 1 10 14 15 16 17 18 19 12
2 8 7 0 3 4 5 2 13 8 9 6 11 1 10 14 15 16 17 18 19 12
7 8 0 7 3 4 5 2 13 8 9 6 11 1 10 14 15 16 17 18 19 12
2 8 2 7 3 4 5 0 13 8 9 6 11 1 10 14 15 16 17 18 19 12
7 8 2 0 3 4 5 7 13 8 9 6 11 1 10 14 15 16 17 18 19 12
2 7 0 2 3 4 5 7 13 8 9 6 11 1 10 14 15 16 17 18 19 12
4 8 4 2 3 0 5 7 13 8 9 6 11 1 10 14 15 16 17 18 19 12
13 8 4 2 3 13 5 7 0 8 9 6 11 1 10 14 15 16 17 18 19 12
7 7 4 2 3 13 5 0 7 8 9 6 11 1 10 14 15 16 17 18 19 12
6 6 4 2 3 13 5 6 7 8 9 0 11 1 10 14 15 16 17 18 19 12
9 7 4 2 3 13 5 6 7 8 0 9 11 1 10 14 15 16 17 18 19 12
10 7 4 2 3 13 5 6 7 8 10 9 11 1 0 14 15 16 17 18 19 12
17 8 4 2 3 13 5 6 7 8 10 9 11 1 17 14 15 16 0 18 19 12
13 8 4 2 3 0 5 6 7 8 10 9 11 1 17 14 15 16 13 18 19 12
4 7 0 2 3 4 5 6 7 8 10 9 11 1 17 14 15 16 13 18 19 12
13 7 13 2 3 4 5 6 7 8 10 9 11 1 17 14 15 16 0 18 19 12
17 6 13 2 3 4 5 6 7 8 10 9 11 1 0 14 15 16 17 18 19 12
10 6 13 2 3 4 5 6 7 8 0 9 11 1 10 14 15 16 17 18 19 12
9 5 13 2 3 4 5 6 7 8 9 0 11 1 10 14 15 16 17 18 19 12
6 6 13 2 3 4 5 0 7 8 9 6 11 1 10 14 15 16 17 18 19 12
5 7 13 2 3 4 0 5 7 8 9 6 11 1 10 14 15 16 17 18 19 12
13 7 0 2 3 4 13 5 7 8 9 6 11 1 10 14 15 16 17 18 19 12
5 7 5 2 3 4 13 0 7 8 9 6 11 1 10 14 15 16 17 18 19 12
6 6 5 2 3 4 13 6 7 8 9 0 11 1 10 14 15 16 17 18 19 12
9 7 5 2 3 4 13 6 7 8 0 9 11 1 10 14 15 16 17 18 19 12
13 7 5 2 3 4 0 6 7 8 13 9 11 1 10 14 15 16 17 18 19 12
5 6 0 2 3 4 5 6 7 8 13 9 11 1 10 14 15 16 17 18 19 12
17 7 17 2 3 4 5 6 7 8 13 9 11 1 10 14 15 16 0 18 19 12
10 7 17 2 3 4 5 6 7 8 13 9 11 1 0 14 15 16 10 18 19 12
13 6 17 2 3 4 5 6 7 8 0 9 11 1 13 14 15 16 10 18 19 12
9 5 17 2 3 4 5 6 7 8 9 0 11 1 13 14 15 16 10 18 19 12
11 6 17 2 3 4 5 6 7 8 9 11 0 1 13 14 15 16 10 18 19 12
1 6 17 2 3 4 5 6 7 8 9 11 1 0 13 14 15 16 10 18 19 12
16 7 17 2 3 4 5 6 7 8 9 11 1 16 13 14 15 0 10 18 19 12
12 6 17 2 3 4 5 6 7 8 9 11 1 16 13 14 15 12 10 18 19 0
10 7 17 2 3 4 5 6 7 8 9 11 1 16 13 14 15 12 0 18 19 10
17 6 0 2 3 4 5 6 7 8 9 11 1 16 13 14 15 12 17 18 19 10
10 5 10 2 3 4 5 6 7 8 9 11 1 16 13 14 15 12 17 18 19 0
12 6 10 2 3 4 5 6 7 8 9 11 1 16 13 14 15 0 17 18 19 12
16 5 10 2 3 4 5 6 7 8 9 11 1 0 13 14 15 16 17 18 19 12
1 5 10 2 3 4 5 6 7 8 9 11 0 1 13 14 15 16 17 18 19 12
15 6 10 2 3 4 5 6 7 8 9 11 15 1 13 14 0 16 17 18 19 12
16 7 10 2 3 4 5 6 7 8 9 11 15 1 13 14 16 0 17 18 19 12
12 6 10 2 3 4 5 6 7 8 9 11 15 1 13 14 16 12 17 18 19 0
16 7 10 2 3 4 5 6 7 8 9 11 15 1 13 14 0 12 17 18 19 16
15 6 10 2 3 4 5 6 7 8 9 11 0 1 13 14 15 12 17 18 19 16
1 6 10 2 3 4 5 6 7 8 9 11 1 0 13 14 15 12 17 18 19 16
12 5 10 2 3 4 5 6 7 8 9 11 1 12 13 14 15 0 17 18 19 16
16 3 10 2 3 4 5 6 7 8 9 11 1 12 13 14 15 16 17 18 19 0
15 5 10 2 3 4 5 6 7 8 9 11 1 12 13 14 0 16 17 18 19 15
1 5 10 2 3 4 5 6 7 8 9 11 0 12 13 14 1 16 17 18 19 15
11 4 10 2 3 4 5 6 7 8 9 0 11 12 13 14 1 16 17 18 19 15
14 5 10 2 3 4 5 6 7 8 9 14 11 12 13 0 1 16 17 18 19 15
1 5 10 2 3 4 5 6 7 8 9 14 11 12 13 1 0 16 17 18 19 15
16 6 10 2 3 4 5 6 7 8 9 14 11 12 13 1 16 0 17 18 19 15
15 5 10 2 3 4 5 6 7 8 9 14 11 12 13 1 16 15 17 18 19 0
16 6 10 2 3 4 5 6 7 8 9 14 11 12 13 1 0 15 17 18 19 16
15 5 10 2 3 4 5 6 7 8 9 14 11 12 13 1 15 0 17 18 19 16
16 3 10 2 3 4 5 6 7 8 9 14 11 12 13 1 15 16 17 18 19 0
17 5 10 2 3 4 5 6 7 8 9 14 11 12 13 1 15 16 0 18 19 17
1 5 10 2 3 4 5 6 7 8 9 14 11 12 13 0 15 16 1 18 19 17
14 4 10 2 3 4 5 6 7 8 9 0 11 12 13 14 15 16 1 18 19 17
6 5 10 2 3 4 5 0 7 8 9 6 11 12 13 14 15 16 1 18 19 17
2 6 10 0 3 4 5 2 7 8 9 6 11 12 13 14 15 16 1 18 19 17
10 6 0 10 3 4 5 2 7 8 9 6 11 12 13 14 15 16 1 18 19 17
1 5 1 10 3 4 5 2 7 8 9 6 11 12 13 14 15 16 0 18 19 17
17 3 1 10 3 4 5 2 7 8 9 6 11 12 13 14 15 16 17 18 19 0
1 5 0 10 3 4 5 2 7 8 9 6 11 12 13 14 15 16 17 18 19 1
2 5 2 10 3 4 5 0 7 8 9 6 11 12 13 14 15 16 17 18 19 1
10 5 2 0 3 4 5 10 7 8 9 6 11 12 13 14 15 16 17 18 19 1
2 4 0 2 3 4 5 10 7 8 9 6 11 12 13 14 15 16 17 18 19 1
1 2 1 2 3 4 5 10 7 8 9 6 11 12 13 14 15 16 17 18 19 0
15 4 1 2 3 4 5 10 7 8 9 6 11 12 13 14 0 16 17 18 19 15
11 5 1 2 3 4 5 10 7 8 9 6 0 12 13 14 11 16 17 18 19 15
6 5 1 2 3 4 5 10 7 8 9 0 6 12 13 14 11 16 17 18 19 15
10 4 1 2 3 4 5 0 7 8 9 10 6 12 13 14 11 16 17 18 19 15
7 5 1 2 3 4 5 7 0 8 9 10 6 12 13 14 11 16 17 18 19 15
6 5 1 2 3 4 5 7 6 8 9 10 0 12 13 14 11 16 17 18 19 15
11 4 1 2 3 4 5 7 6 8 9 10 11 12 13 14 0 16 17 18 19 15
16 5 1 2 3 4 5 7 6 8 9 10 11 12 13 14 16 0 17 18 19 15
15 4 1 2 3 4 5 7 6 8 9 10 11 12 13 14 16 15 17 18 19 0
16 5 1 2 3 4 5 7 6 8 9 10 11 12 13 14 0 15 17 18 19 16
15 4 1 2 3 4 5 7 6 8 9 10 11 12 13 14 15 0 17 18 19 16
16 2 1 2 3 4 5 7 6 8 9 10 11 12 13 14 15 16 17 18 19 0
4 4 1 2 3 0 5 7 6 8 9 10 11 12 13 14 15 16 17 18 19 4
3 5 1 2 0 3 5 7 6 8 9 10 11 12 13 14 15 16 17 18 19 4
6 5 1 2 6 3 5 7 0 8 9 10 11 12 13 14 15 16 17 18 19 4
7 4 1 2 6 3 5 0 7 8 9 10 11 12 13 14 15 16 17 18 19 4
2 5 1 0 6 3 5 2 7 8 9 10 11 12 13 14 15 16 17 18 19 4
6 5 1 6 0 3 5 2 7 8 9 10 11 12 13 14 15 16 17 18 19 4
3 4 1 6 3 0 5 2 7 8 9 10 11 12 13 14 15 16 17 18 19 4
4 2 1 6 3 4 5 2 7 8 9 10 11 12 13 14 15 16 17 18 19 0
1 4 0 6 3 4 5 2 7 8 9 10 11 12 13 14 15 16 17 18 19 1
2 4 2 6 3 4 5 0 7 8 9 10 11 12 13 14 15 16 17 18 19 1
6 3 2 0 3 4 5 6 7 8 9 10 11 12 13 14 15 16 17 18 19 1
2 2 0 2 3 4 5 6 7 8 9 10 11 12 13 14 15 16 17 18 19 1
1 0 1 2 3 4 5 6 7 8 9 10 11 12 13 14 15 16 17 18 19 0
1788 458.2151348590851
